2.00000000000000000E9	1.05660098930844980E2
2.00781250000000000E9	1.04657863201759540E2
2.01562500000000000E9	1.03655336253621090E2
2.02343750000000000E9	1.02652556546102190E2
2.03125000000000000E9	1.01649229302036860E2
2.03906250000000000E9	1.00644759441108620E2
2.04687500000000000E9	9.96402568218006120E1
2.05468750000000000E9	9.86356871552536420E1
2.06250000000000000E9	9.76300410811390410E1
2.07031250000000000E9	9.66244540332378500E1
2.07812500000000000E9	9.56179186713882960E1
2.08593750000000000E9	9.46109799542713500E1
2.09375000000000000E9	9.36035812161760460E1
2.10156250000000000E9	9.25956470778615430E1
2.10937500000000000E9	9.15872173491586490E1
2.11718750000000000E9	9.05783839982763260E1
2.12500000000000000E9	8.95690592201548160E1
2.13281250000000000E9	8.85593187075981450E1
2.14062500000000000E9	8.75490939721093750E1
2.14843750000000000E9	8.65384825875532650E1
2.15625000000000000E9	8.55274627176653550E1
2.16406250000000000E9	8.45160588604254490E1
2.17187500000000000E9	8.35043256851604280E1
2.17968750000000000E9	8.24924749627912850E1
2.18750000000000000E9	8.14798012232726520E1
2.19531250000000000E9	8.04669589093834500E1
2.20312500000000000E9	7.94541626608410390E1
2.21093750000000000E9	7.84409156752913810E1
2.21875000000000000E9	7.74274044351304980E1
2.22656250000000000E9	7.64134396087896840E1
2.23437500000000000E9	7.53990728612449070E1
2.24218750000000000E9	7.43853707709841140E1
2.25000000000000000E9	7.33711383337547310E1
2.25781250000000000E9	7.23567754279999780E1
2.26562500000000000E9	7.13424798115473640E1
2.27343750000000000E9	7.03277366467569200E1
2.28125000000000000E9	6.93132223127757110E1
2.28906250000000000E9	6.82988748539779780E1
2.29687500000000000E9	6.72851261123317280E1
2.30468750000000000E9	6.62713690796393530E1
2.31250000000000000E9	6.52572005968633830E1
2.32031250000000000E9	6.42440643837807630E1
2.32812500000000000E9	6.32304339550950000E1
2.33593750000000000E9	6.22178402801672000E1
2.34375000000000000E9	6.12061209067564690E1
2.35156250000000000E9	6.01944814977158680E1
2.35937500000000000E9	5.91827074707584620E1
2.36718750000000000E9	5.81727796805194860E1
2.37500000000000000E9	5.71631470748823660E1
2.38281250000000000E9	5.61541489785412030E1
2.39062500000000000E9	5.51466014668366180E1
2.39843750000000000E9	5.41387055304827940E1
2.40625000000000000E9	5.31332716735555890E1
2.41406250000000000E9	5.21287192465295310E1
2.42187500000000000E9	5.11250367609022940E1
2.42968750000000000E9	5.01222422530025740E1
2.43750000000000000E9	4.91221382252672180E1
2.44531250000000000E9	4.81225068984918810E1
2.45312500000000000E9	4.71251708625250390E1
2.46093750000000000E9	4.61290615321127450E1
2.46875000000000000E9	4.51348657329666560E1
2.47656250000000000E9	4.41427366739991810E1
2.48437500000000000E9	4.31528108204621840E1
2.49218750000000000E9	4.21646837900639500E1
2.50000000000000000E9	4.11791259039236660E1
2.50781250000000000E9	4.01957996824205650E1
2.51562500000000000E9	3.92148456476851500E1
2.52343750000000000E9	3.82371697843441890E1
2.53125000000000000E9	3.72618390777345350E1
2.53906250000000000E9	3.62898610995269520E1
2.54687500000000000E9	3.53203666634950770E1
2.55468750000000000E9	3.43540011260981840E1
2.56250000000000000E9	3.33915820376269100E1
2.57031250000000000E9	3.24325333780578620E1
2.57812500000000000E9	3.14762839735655090E1
2.58593750000000000E9	3.05245528398665610E1
2.59375000000000000E9	2.95770336991093030E1
2.60156250000000000E9	2.86333138656859190E1
2.60937500000000000E9	2.76939584462967890E1
2.61718750000000000E9	2.67591383834051740E1
2.62500000000000000E9	2.58285641585813860E1
2.63281250000000000E9	2.49028659249770580E1
2.64062500000000000E9	2.39814173431839620E1
2.64843750000000000E9	2.30657917112386590E1
2.65625000000000000E9	2.21548993049127900E1
2.66406250000000000E9	2.12496290023138190E1
2.67187500000000000E9	2.03492649577390460E1
2.67968750000000000E9	1.94554334896945560E1
2.68750000000000000E9	1.85668220347183910E1
2.69531250000000000E9	1.76845628958994650E1
2.70312500000000000E9	1.68095735703207930E1
2.71093750000000000E9	1.59402036489516430E1
2.71875000000000000E9	1.50763984514038850E1
2.72656250000000000E9	1.42201525250045680E1
2.73437500000000000E9	1.33709445838057910E1
2.74218750000000000E9	1.25288077091515100E1
2.75000000000000000E9	1.16935296735312420E1
2.75781250000000000E9	1.08672120916975250E1
2.76562500000000000E9	1.00472296290100040E1
2.77343750000000000E9	9.23509748454727310E0
2.78125000000000000E9	8.43085677410417310E0
2.78906250000000000E9	7.63470641314948660E0
2.79687500000000000E9	6.84691900374706550E0
2.80468750000000000E9	6.06763130638265300E0
2.81250000000000000E9	5.29690922440119220E0
2.82031250000000000E9	4.53495768396025940E0
2.82812500000000000E9	3.78192850627783050E0
2.83593750000000000E9	3.03778330116276600E0
2.84375000000000000E9	2.30311697842056610E0
2.85156250000000000E9	1.57764325195660680E0
2.85937500000000000E9	8.61756762819793390E-1
2.86718750000000000E9	1.55495002551409800E-1
2.87500000000000000E9	-5.40983707096493300E-1
2.89062500000000000E9	-1.90414315189301630E0
2.90625000000000000E9	-3.22655488944868060E0
2.92187500000000000E9	-4.50772413730645030E0
2.93750000000000000E9	-5.74665510551293670E0
2.95312500000000000E9	-6.94267365717612250E0
2.96875000000000000E9	-8.09538306726136450E0
2.98437500000000000E9	-9.20449479690687510E0
3.00000000000000000E9	-1.02695185463774740E1
3.03125000000000000E9	-1.22685567957988880E1
3.06250000000000000E9	-1.40945693166924140E1
3.09375000000000000E9	-1.57535008748584950E1
3.12500000000000000E9	-1.72548636813685910E1
3.15625000000000000E9	-1.86116603955124370E1
3.18750000000000000E9	-1.98403297715835760E1
3.21875000000000000E9	-2.09629166817177200E1
3.25000000000000000E9	-2.19991982970792540E1
3.28125000000000000E9	-2.29780444763649690E1
3.31250000000000000E9	-2.39225058830132700E1
3.34375000000000000E9	-2.48594843763585160E1
3.37500000000000000E9	-2.58128522129834790E1
3.40625000000000000E9	-2.68044498802733070E1
3.43750000000000000E9	-2.78565247036194430E1
3.46875000000000000E9	-2.89816131892727120E1
3.50000000000000000E9	-3.01957004426746870E1
3.53125000000000000E9	-3.15076212730360170E1
3.56250000000000000E9	-3.29219766909465640E1
3.59375000000000000E9	-3.44459205005531200E1
3.62500000000000000E9	-3.60786197104341030E1
3.65625000000000000E9	-3.78207989173415140E1
3.68750000000000000E9	-3.96693955117891140E1
3.71875000000000000E9	-4.16235659068597650E1
3.75000000000000000E9	-4.36768534275882470E1
3.78125000000000000E9	-4.58285728864413770E1
3.81250000000000000E9	-4.80693646887077540E1
3.84375000000000000E9	-5.03977147946604200E1
3.87500000000000000E9	-5.28085628208050380E1
3.90625000000000000E9	-5.52967130893024540E1
3.93750000000000000E9	-5.78563414270695380E1
3.96875000000000000E9	-6.04865499826732300E1
4.00000000000000000E9	-6.31815110517163790E1
4.02083333299999970E9	-6.50116354535472850E1
4.04166666700000030E9	-6.68672722264505110E1
4.06250000000000000E9	-6.87470781061078200E1
4.08333333299999970E9	-7.06522554864022640E1
4.10416666700000030E9	-7.25800781387493290E1
4.12500000000000000E9	-7.45300965369991260E1
4.14583333299999970E9	-7.65017279051274630E1
4.16666666700000030E9	-7.84932916836134350E1
4.18750000000000000E9	-8.05052685210270800E1
4.20833333299999970E9	-8.25361712288817810E1
4.22916666700000030E9	-8.45853095534073600E1
4.25000000000000000E9	-8.66523008228902290E1
4.27083333299999970E9	-8.87365745026073680E1
4.29166666700000030E9	-9.08374714430824780E1
4.31250000000000000E9	-9.29545798696039150E1
4.33333333400000060E9	-9.50870830913842190E1
4.35416666700000030E9	-9.72348434488843690E1
4.37500000000000000E9	-9.93974739392885810E1
4.39583333400000060E9	-1.01574380803703220E2
4.41666666700000030E9	-1.03765694319407540E2
4.43750000000000000E9	-1.05970281918052800E2
4.45833333400000060E9	-1.08188145697084950E2
4.47916666700000030E9	-1.10419061390198610E2
4.50000000000000000E9	-1.12662092003202010E2
4.52083333400000060E9	-1.14917587804181400E2
4.54166666700000030E9	-1.17186472776355830E2
4.56250000000000000E9	-1.19468876269648020E2
4.58333333400000060E9	-1.21761650618828130E2
4.60416666700000030E9	-1.24066440691935420E2
4.62500000000000000E9	-1.26384841200847100E2
4.64583333400000060E9	-1.28713175680618370E2
4.66666666700000030E9	-1.31053824392870370E2
4.68750000000000000E9	-1.33405501448926020E2
4.70833333400000060E9	-1.35771144610042850E2
4.72916666700000030E9	-1.38146720190132920E2
4.75000000000000000E9	-1.40536380962823810E2
4.76041666700000030E9	-1.41734180398801230E2
4.77083333400000060E9	-1.42936137226144380E2
4.78125000000000000E9	-1.44140591751640800E2
4.79166666700000030E9	-1.45347891930665150E2
4.80208333400000060E9	-1.46558721603619200E2
4.81250000000000000E9	-1.47773772372516320E2
4.82291666700000030E9	-1.48989970033056580E2
4.83333333400000060E9	-1.50211875300558880E2
4.84375000000000000E9	-1.51435711819245290E2
4.85416666700000030E9	-1.52661227646573900E2
4.86458333299999970E9	-1.53891918176128860E2
4.87500000000000000E9	-1.55125862786227690E2
4.88541666700000030E9	-1.56362832683000820E2
4.89583333299999970E9	-1.57602698685891740E2
4.90625000000000000E9	-1.58846234235776040E2
4.91666666700000030E9	-1.60092107339432130E2
4.92708333299999970E9	-1.61342798907008180E2
4.93750000000000000E9	-1.62597140376398700E2
4.94791666700000030E9	-1.63855285176076610E2
4.95833333299999970E9	-1.65116643781370050E2
4.96875000000000000E9	-1.66381962425176290E2
4.97916666700000030E9	-1.67650713089330350E2
4.98958333299999970E9	-1.68923744673323980E2
5.00000000000000000E9	-1.70200395778916410E2
5.01041666700000030E9	-1.71481209389180520E2
5.02083333299999970E9	-1.72766068950262760E2
5.03125000000000000E9	-1.74054832601451830E2
5.04166666700000030E9	-1.75347792332280730E2
5.05208333299999970E9	-1.76645246170822510E2
5.06250000000000000E9	-1.77946757209240470E2
5.07291666700000030E9	-1.79252686499613170E2
5.08333333299999970E9	1.79436896891195260E2
5.09375000000000000E9	1.78121931019115070E2
5.10416666700000030E9	1.76802454344650920E2
5.11458333299999970E9	1.75478071487132280E2
5.12500000000000000E9	1.74149166747688010E2
5.13541666700000030E9	1.72814932258398240E2
5.14583333299999970E9	1.71476102882930910E2
5.15625000000000000E9	1.70132505612840260E2
5.16666666700000030E9	1.68783086509613290E2
5.17708333299999970E9	1.67428619822897900E2
5.18750000000000000E9	1.66068981127252150E2
5.19791666599999940E9	1.64703923281428890E2
5.20833333299999970E9	1.63333170076764180E2
5.21875000000000000E9	1.61957119854148250E2
5.22916666599999940E9	1.60574848797463510E2
5.23958333299999970E9	1.59186806929532090E2
5.25000000000000000E9	1.57792978970657450E2
5.26041666599999940E9	1.56392890351981430E2
5.27083333299999970E9	1.54989108199126950E2
5.28125000000000000E9	1.53574997977903790E2
5.29166666599999940E9	1.52155763336055340E2
5.30208333299999970E9	1.50730525242529680E2
5.31250000000000000E9	1.49300403633832900E2
5.32291666599999940E9	1.47862418295907600E2
5.33333333299999970E9	1.46415634433873440E2
5.35416666599999940E9	1.43504314075722530E2
5.37500000000000000E9	1.40561955308019960E2
5.39583333299999970E9	1.37592670580600900E2
5.41666666599999940E9	1.34590170927776610E2
5.43750000000000000E9	1.31556764250500670E2
5.45833333299999970E9	1.28491371690038010E2
5.47916666599999940E9	1.25392377852829660E2
5.50000000000000000E9	1.22258793817160740E2
5.52083333299999970E9	1.19089195879239920E2
5.54166666599999940E9	1.15885330848929650E2
5.56250000000000000E9	1.12643061061159240E2
5.58333333299999970E9	1.09364285044096770E2
5.60416666599999940E9	1.06047743379650820E2
5.62500000000000000E9	1.02692853199821930E2
5.64583333299999970E9	9.92989234020432220E1
5.66666666700000030E9	9.58666691256558500E1
5.68750000000000000E9	9.23954361084877360E1
5.70833333299999970E9	8.88856962930494280E1
5.72916666700000030E9	8.53375057296737620E1
5.75000000000000000E9	8.17517126424195160E1
5.77083333299999970E9	7.81285968073858330E1
5.79166666700000030E9	7.44693790067336180E1
5.81250000000000000E9	7.07753996882156320E1
5.83333333299999970E9	6.70481935579466360E1
5.85416666700000030E9	6.32883353769450710E1
5.87500000000000000E9	5.95004920869982980E1
5.89583333299999970E9	5.56838282775084710E1
5.91666666700000030E9	5.18399890600549180E1
5.93750000000000000E9	4.79723188592844800E1
5.95833333299999970E9	4.40844008304988310E1
5.97916666700000030E9	4.01791874895002370E1
6.00000000000000000E9	3.62596956026235610E1
6.01562500000000000E9	3.33128347876222850E1
6.03125000000000000E9	3.03580487880123280E1
6.04687500000000000E9	2.74012806071117600E1
6.06250000000000000E9	2.44401177990684900E1
6.07812500000000000E9	2.14781168899965370E1
6.09375000000000000E9	1.85157712763679600E1
6.10937500000000000E9	1.55546393243875290E1
6.12500000000000000E9	1.25954995739593610E1
6.14062500000000000E9	9.63986536223185910E0
6.15625000000000000E9	6.68918240097447560E0
6.17187500000000000E9	3.74425284835774310E0
6.18750000000000000E9	8.06147202930649520E-1
6.20312500000000000E9	-2.12404679960557720E0
6.21875000000000000E9	-5.04505990230172240E0
6.23437500000000000E9	-7.95684133879898870E0
6.25000000000000000E9	-1.08571835995203810E1
6.26562500000000000E9	-1.37463320670230790E1
6.28125000000000000E9	-1.66232538331936830E1
6.29687500000000000E9	-1.94872725389253220E1
6.31250000000000000E9	-2.23368582138139530E1
6.32812500000000000E9	-2.51715967410644390E1
6.34375000000000000E9	-2.79939882277776460E1
6.35937500000000000E9	-3.07997794906179490E1
6.37500000000000000E9	-3.35912676921841590E1
6.39062500000000000E9	-3.63665637384752480E1
6.40625000000000000E9	-3.91249968983080620E1
6.42187500000000000E9	-4.18674884879898550E1
6.43750000000000000E9	-4.45926508263511150E1
6.45312500000000000E9	-4.73013065608025140E1
6.46875000000000000E9	-4.99945004976778940E1
6.48437500000000000E9	-5.26700657155845860E1
6.50000000000000000E9	-5.53265715629228170E1
6.51562500000000000E9	-5.79684191024196770E1
6.53125000000000000E9	-6.05907453994093890E1
6.54687500000000000E9	-6.31978293265197970E1
6.56250000000000000E9	-6.57871711485945810E1
6.57812500000000000E9	-6.83580402777535840E1
6.59375000000000000E9	-7.09113928478449920E1
6.60937500000000000E9	-7.34485437313638820E1
6.62500000000000000E9	-7.59688626485075510E1
6.64062500000000000E9	-7.84724984126742520E1
6.65625000000000000E9	-8.09592202590904360E1
6.67187500000000000E9	-8.34292840888215000E1
6.68750000000000000E9	-8.58825296134585690E1
6.70312500000000000E9	-8.83194217930333640E1
6.71875000000000000E9	-9.07398819432095390E1
6.73437500000000000E9	-9.31441664692051670E1
6.75000000000000000E9	-9.55322477000038360E1
6.76562500000000000E9	-9.79043876720930580E1
6.78125000000000000E9	-1.00260754150053270E2
6.79687500000000000E9	-1.02601399229869150E2
6.81250000000000000E9	-1.04926562838445350E2
6.82812500000000000E9	-1.07236530589525670E2
6.84375000000000000E9	-1.09530148518425860E2
6.85937500000000000E9	-1.11809792826044550E2
6.87500000000000000E9	-1.14074692486810570E2
6.89062500000000000E9	-1.16324945366221800E2
6.90625000000000000E9	-1.18559311516610920E2
6.92187500000000000E9	-1.20780853015232980E2
6.93750000000000000E9	-1.22988118395799660E2
6.95312500000000000E9	-1.25180506330120370E2
6.96875000000000000E9	-1.27360096245265320E2
6.98437500000000000E9	-1.29525130278950540E2
7.00000000000000000E9	-1.31676836688243530E2
7.01562500000000000E9	-1.33815682849094910E2
7.03125000000000000E9	-1.35942463864021800E2
7.04687500000000000E9	-1.38054523615541450E2
7.06250000000000000E9	-1.40155738639036450E2
7.07812500000000000E9	-1.42243427680976240E2
7.09375000000000000E9	-1.44318029087252510E2
7.10937500000000000E9	-1.46381109399225880E2
7.12500000000000000E9	-1.48432940784791740E2
7.14062500000000000E9	-1.50472401346028480E2
7.15625000000000000E9	-1.52501493941451340E2
7.17187500000000000E9	-1.54518446561212050E2
7.18750000000000000E9	-1.56524594250241010E2
7.20312500000000000E9	-1.58520499560779000E2
7.21875000000000000E9	-1.60504182278165140E2
7.23437500000000000E9	-1.62478888440392910E2
7.25000000000000000E9	-1.64443599767857630E2
7.26562500000000000E9	-1.66397125092104870E2
7.28125000000000000E9	-1.68341640269553960E2
7.29687500000000000E9	-1.70276802852118840E2
7.31250000000000000E9	-1.72202564176022640E2
7.32812500000000000E9	-1.74119348916881610E2
7.34375000000000000E9	-1.76027236559966770E2
7.35937500000000000E9	-1.77926549736599250E2
7.37500000000000000E9	-1.79817399595307360E2
7.39062500000000000E9	1.78299990143748420E2
7.40625000000000000E9	1.76425293020641340E2
7.42187500000000000E9	1.74558587148754050E2
7.43750000000000000E9	1.72699388608009490E2
7.45312500000000000E9	1.70847508310389880E2
7.46875000000000000E9	1.69002976414220640E2
7.48437500000000000E9	1.67165205697932720E2
7.50000000000000000E9	1.65334489287952420E2
7.51562500000000000E9	1.63510421517997710E2
7.53125000000000000E9	1.61692933620441440E2
7.54687500000000000E9	1.59880622083330050E2
7.56250000000000000E9	1.58075974115235370E2
7.57812500000000000E9	1.56275886882139180E2
7.59375000000000000E9	1.54481790520659780E2
7.60937500000000000E9	1.52692812283656450E2
7.62500000000000000E9	1.50909198306485350E2
7.64062500000000000E9	1.49131957970990590E2
7.65625000000000000E9	1.47357643183765360E2
7.67187500000000000E9	1.45589722238435540E2
7.68750000000000000E9	1.43825819428827240E2
7.70312500000000000E9	1.42067230832884350E2
7.71875000000000000E9	1.40312691093205850E2
7.73437500000000000E9	1.38562968648978790E2
7.75000000000000000E9	1.36815224386338240E2
7.76562500000000000E9	1.35073164938464750E2
7.78125000000000000E9	1.33335771100020350E2
7.79687500000000000E9	1.31601129435706340E2
7.81250000000000000E9	1.29869219935917450E2
7.82812500000000000E9	1.28141886659527280E2
7.84375000000000000E9	1.26418249318938920E2
7.85937500000000000E9	1.24697520982305870E2
7.87500000000000000E9	1.22980461079615180E2
7.89062500000000000E9	1.21266707326702790E2
7.90625000000000000E9	1.19555849870345200E2
7.92187500000000000E9	1.17848312664901770E2
7.93750000000000000E9	1.16142858721510310E2
7.95312500000000000E9	1.14440645405289730E2
7.96875000000000000E9	1.12742255328253040E2
7.98437500000000000E9	1.11045832814640220E2
8.00000000000000000E9	1.09352031051574810E2


