File Name:	uwb_dipole.rff		
			
Polarizat.	0.000	Phase	
Frequency	4.500 G	 [GHz]	
Roll  	0.000	[deg]	
Ch.	Channel1		
Beam			
Switch			
Dir	0.00	dBi	
Azimuth  [deg]	Amplitude (dB)	Phase [Deg]	
-180.0000	-61.8381	-36.2234	
-175.0000	-63.3493	-31.3496	
-170.0000	-65.1644	-11.7166	
-165.0000	-62.8252	5.5238	
-160.0000	-63.0996	-1.3929	
-155.0000	-63.4454	16.1638	
-150.0000	-62.3137	10.8976	
-145.0000	-63.2026	12.9689	
-140.0000	-64.8934	20.7615	
-135.0000	-63.6316	26.2297	
-130.0000	-63.7041	34.0843	
-125.0000	-64.9842	41.5424	
-120.0000	-65.8512	30.8979	
-115.0000	-62.8365	51.4435	
-110.0000	-63.5306	58.9326	
-105.0000	-65.3319	71.8778	
-100.0000	-65.9497	71.4656	
-95.0000	-64.1977	70.2576	
-90.0000	-64.4351	85.9001	
-85.0000	-64.8547	95.0525	
-80.0000	-65.3925	99.9335	
-75.0000	-65.3963	98.7068	
-70.0000	-65.1414	106.6658	
-65.0000	-65.0876	114.7940	
-60.0000	-64.1409	115.8135	
-55.0000	-64.6402	128.7014	
-50.0000	-65.2033	122.9897	
-45.0000	-63.7530	135.0410	
-40.0000	-64.0059	135.4211	
-35.0000	-64.6496	137.8205	
-30.0000	-63.5751	152.7272	
-25.0000	-61.9606	145.9348	
-20.0000	-62.7662	138.7084	
-15.0000	-64.0267	140.5977	
-10.0000	-64.5066	148.6216	
-5.0000	-64.6443	154.0589	
0.0000	-64.5427	157.7465	
5.0000	-64.5034	156.4312	
10.0000	-64.3862	153.5937	
15.0000	-64.1184	151.1379	
20.0000	-63.5585	147.1836	
25.0000	-62.7662	149.2792	
30.0000	-63.5588	157.0546	
35.0000	-64.7720	143.9168	
40.0000	-64.2658	146.6164	
45.0000	-64.6211	141.5204	
50.0000	-64.9002	136.0360	
55.0000	-64.4974	138.5235	
60.0000	-64.3335	128.7607	
65.0000	-66.3774	122.9831	
70.0000	-65.2529	121.9343	
75.0000	-65.4924	114.1826	
80.0000	-64.7208	114.8558	
85.0000	-64.1738	103.1080	
90.0000	-64.3225	98.6973	
95.0000	-64.6949	81.4747	
100.0000	-66.1746	84.7635	
105.0000	-64.2515	76.6306	
110.0000	-64.0202	70.3330	
115.0000	-63.0547	51.5367	
120.0000	-66.0917	48.3391	
125.0000	-66.2905	50.5450	
130.0000	-64.4354	52.6624	
135.0000	-64.6295	26.2571	
140.0000	-63.6727	22.1962	
145.0000	-64.7075	24.5238	
150.0000	-62.0216	7.2467	
155.0000	-62.3127	15.6965	
160.0000	-61.6035	5.6553	
165.0000	-62.1321	12.1797	
170.0000	-64.8306	-9.9245	
175.0000	-62.8156	-33.9445	
180.0000	-61.8753	-36.5028	
			
			
			
[Side Lobes Table]
			
No.	Rel Ampl	Azimuth  [deg]	Absolute Ampl
1L	-0.42	150.00	-62.02
2L	-2.07	140.00	-63.67
3L	-2.83	130.00	-64.44
		 	
File Name:	uwb_dipole.rff		
			
Polarizat.	0.000	Phase	
Frequency	4.500 G	 [GHz]	
Roll  	5.000	[deg]	
Ch.	Channel1		
Beam			
Switch			
Dir	0.00	dBi	
Azimuth  [deg]	Amplitude (dB)	Phase [Deg]	
-180.0000	-61.9779	-34.8937	
-175.0000	-62.5087	-34.7185	
-170.0000	-65.2135	-24.8409	
-165.0000	-64.6132	4.6738	
-160.0000	-62.1427	0.3452	
-155.0000	-64.0681	1.5403	
-150.0000	-62.9744	7.7255	
-145.0000	-63.9604	9.8562	
-140.0000	-63.7922	12.3991	
-135.0000	-64.5208	15.4346	
-130.0000	-66.0741	28.8699	
-125.0000	-65.0313	26.1225	
-120.0000	-63.6700	31.6164	
-115.0000	-66.2661	51.3222	
-110.0000	-67.5444	54.4691	
-105.0000	-66.0871	46.2844	
-100.0000	-65.2018	53.0458	
-95.0000	-65.8288	68.4033	
-90.0000	-66.4574	83.9455	
-85.0000	-67.1632	73.3270	
-80.0000	-66.5173	85.0723	
-75.0000	-65.4891	88.8030	
-70.0000	-65.7081	97.2257	
-65.0000	-66.2951	96.7976	
-60.0000	-65.8472	115.4158	
-55.0000	-66.2235	109.6515	
-50.0000	-64.6727	112.1951	
-45.0000	-65.8703	128.1916	
-40.0000	-64.4302	127.0980	
-35.0000	-64.6077	127.7416	
-30.0000	-65.7215	141.9549	
-25.0000	-62.8536	146.7358	
-20.0000	-62.4898	137.6785	
-15.0000	-63.6514	136.3082	
-10.0000	-64.3117	143.2073	
-5.0000	-64.4719	149.4778	
0.0000	-64.6093	155.1617	
5.0000	-64.4482	157.3932	
10.0000	-64.3312	156.6424	
15.0000	-64.0512	153.7052	
20.0000	-63.5851	150.4527	
25.0000	-62.7433	151.4103	
30.0000	-62.4633	157.7518	
35.0000	-64.5016	156.3153	
40.0000	-63.3617	148.4893	
45.0000	-63.8422	149.1479	
50.0000	-64.1882	146.8547	
55.0000	-63.4188	141.1809	
60.0000	-65.0425	135.5742	
65.0000	-64.0887	143.5289	
70.0000	-63.9853	127.3993	
75.0000	-64.1122	123.7028	
80.0000	-63.4734	110.8277	
85.0000	-64.1979	108.1209	
90.0000	-64.0731	96.1786	
95.0000	-65.0563	105.0033	
100.0000	-63.2924	94.9012	
105.0000	-63.8511	84.0950	
110.0000	-63.8258	69.8701	
115.0000	-65.4929	68.9469	
120.0000	-64.1479	74.0958	
125.0000	-62.7325	58.2165	
130.0000	-62.7825	44.1244	
135.0000	-65.0052	36.3883	
140.0000	-63.9233	34.4563	
145.0000	-63.0993	30.8425	
150.0000	-63.2497	13.1311	
155.0000	-61.6112	16.9216	
160.0000	-62.3943	7.5868	
165.0000	-61.4538	8.0460	
170.0000	-63.9864	1.8788	
175.0000	-63.7338	-27.6542	
180.0000	-61.9589	-35.6079	
			
			
			
[Side Lobes Table]
			
No.	Rel Ampl	Azimuth  [deg]	Absolute Ampl
1L	-0.16	155.00	-61.61
2L	-1.65	145.00	-63.10
3L	-1.28	125.00	-62.73
		 	
File Name:	uwb_dipole.rff		
			
Polarizat.	0.000	Phase	
Frequency	4.500 G	 [GHz]	
Roll  	10.000	[deg]	
Ch.	Channel1		
Beam			
Switch			
Dir	0.00	dBi	
Azimuth  [deg]	Amplitude (dB)	Phase [Deg]	
-180.0000	-61.9550	-36.4850	
-175.0000	-63.6903	-36.0786	
-170.0000	-66.5811	-15.3186	
-165.0000	-63.2652	7.0723	
-160.0000	-62.6629	-4.8762	
-155.0000	-63.8517	3.4841	
-150.0000	-63.6143	-2.1325	
-145.0000	-65.2018	7.8386	
-140.0000	-64.9506	12.7924	
-135.0000	-64.8660	6.2750	
-130.0000	-66.6292	19.2743	
-125.0000	-67.7290	36.4374	
-120.0000	-66.4322	16.0204	
-115.0000	-65.0552	29.3864	
-110.0000	-67.4168	47.5240	
-105.0000	-67.0198	61.3762	
-100.0000	-68.8321	44.8669	
-95.0000	-67.9157	45.8314	
-90.0000	-67.9994	74.7951	
-85.0000	-67.5252	69.1300	
-80.0000	-69.5938	83.9184	
-75.0000	-67.1938	76.9288	
-70.0000	-67.2720	86.9250	
-65.0000	-66.9458	88.8310	
-60.0000	-67.1858	102.5338	
-55.0000	-65.9681	113.5631	
-50.0000	-66.4828	100.8338	
-45.0000	-65.6270	123.5496	
-40.0000	-64.8501	122.6861	
-35.0000	-65.5801	120.6704	
-30.0000	-65.5391	142.5202	
-25.0000	-63.0790	141.0533	
-20.0000	-63.3291	135.5705	
-15.0000	-64.2248	138.5866	
-10.0000	-64.3807	146.9368	
-5.0000	-64.5257	153.0648	
0.0000	-64.5082	157.7062	
5.0000	-64.3637	157.7998	
10.0000	-64.1229	156.5665	
15.0000	-63.6995	155.7657	
20.0000	-63.0945	152.7988	
25.0000	-62.1307	155.6831	
30.0000	-62.9543	164.1837	
35.0000	-63.8406	152.1186	
40.0000	-62.9865	155.6665	
45.0000	-63.4853	152.8593	
50.0000	-63.6319	147.1453	
55.0000	-63.2121	151.8689	
60.0000	-63.2553	133.0425	
65.0000	-64.4125	139.9085	
70.0000	-63.7781	132.1995	
75.0000	-64.2858	129.2947	
80.0000	-63.3846	118.8063	
85.0000	-62.7887	115.7990	
90.0000	-62.1663	101.5350	
95.0000	-63.4395	94.2327	
100.0000	-63.9407	94.9239	
105.0000	-63.7607	86.6299	
110.0000	-62.2214	76.3818	
115.0000	-62.2219	58.9200	
120.0000	-64.5125	58.2295	
125.0000	-64.7129	59.2728	
130.0000	-62.9758	55.6625	
135.0000	-63.5205	35.7549	
140.0000	-63.4225	31.7455	
145.0000	-63.8876	29.1763	
150.0000	-62.0091	12.9009	
155.0000	-62.4995	18.8277	
160.0000	-62.1895	4.1061	
165.0000	-62.1427	7.8793	
170.0000	-64.4437	-10.2425	
175.0000	-62.8082	-32.5047	
180.0000	-61.9667	-36.8140	
			
			
			
[Side Lobes Table]
			
No.	Rel Ampl	Azimuth  [deg]	Absolute Ampl
1R	-0.71	-160.00	-62.66
2R	-1.66	-150.00	-63.61
3R	-2.91	-135.00	-64.87
		 	
File Name:	uwb_dipole.rff		
			
Polarizat.	0.000	Phase	
Frequency	4.500 G	 [GHz]	
Roll  	15.000	[deg]	
Ch.	Channel1		
Beam			
Switch			
Dir	0.00	dBi	
Azimuth  [deg]	Amplitude (dB)	Phase [Deg]	
-180.0000	-62.1999	-35.2332	
-175.0000	-62.7967	-37.3642	
-170.0000	-65.9111	-33.4796	
-165.0000	-65.7909	5.8401	
-160.0000	-62.7516	0.4951	
-155.0000	-64.4192	-2.0490	
-150.0000	-63.0598	0.6566	
-145.0000	-65.4679	-8.5448	
-140.0000	-66.3376	0.9870	
-135.0000	-65.7840	13.2563	
-130.0000	-66.4477	6.6267	
-125.0000	-68.2125	-3.8140	
-120.0000	-66.5936	21.1527	
-115.0000	-68.6110	38.2278	
-110.0000	-68.9107	19.5982	
-105.0000	-70.3983	11.3281	
-100.0000	-67.0896	30.5886	
-95.0000	-68.8300	47.4377	
-90.0000	-70.2115	44.3122	
-85.0000	-72.1897	51.1233	
-80.0000	-67.6658	44.5008	
-75.0000	-68.7323	65.1517	
-70.0000	-67.2859	70.6875	
-65.0000	-68.8679	79.6684	
-60.0000	-67.5792	81.9906	
-55.0000	-69.3662	86.2665	
-50.0000	-65.4871	99.7723	
-45.0000	-68.0587	104.6796	
-40.0000	-66.0393	116.4216	
-35.0000	-65.3203	114.2007	
-30.0000	-66.8978	122.6332	
-25.0000	-64.3795	137.6413	
-20.0000	-63.7065	131.3868	
-15.0000	-64.6028	134.2255	
-10.0000	-64.7632	143.2773	
-5.0000	-64.5533	150.1105	
0.0000	-64.5446	154.4544	
5.0000	-64.4821	158.1186	
10.0000	-64.2476	158.5287	
15.0000	-63.8311	157.5001	
20.0000	-63.2083	155.6480	
25.0000	-62.3871	156.1776	
30.0000	-62.0931	163.5576	
35.0000	-63.8983	162.5634	
40.0000	-62.7943	155.4906	
45.0000	-63.0600	159.3029	
50.0000	-63.6195	152.1227	
55.0000	-62.1780	149.3126	
60.0000	-64.9178	146.6497	
65.0000	-62.7900	148.4055	
70.0000	-63.2557	137.3613	
75.0000	-62.9201	136.2032	
80.0000	-63.6401	124.3867	
85.0000	-62.9502	114.9499	
90.0000	-63.9495	105.4357	
95.0000	-63.3745	112.3557	
100.0000	-62.9487	101.9794	
105.0000	-62.7378	94.5466	
110.0000	-64.0100	74.5289	
115.0000	-64.9824	77.7069	
120.0000	-63.0892	76.3741	
125.0000	-61.7321	67.8317	
130.0000	-62.7262	46.3430	
135.0000	-64.1054	48.1055	
140.0000	-63.7861	42.2649	
145.0000	-62.9181	36.9488	
150.0000	-63.7103	21.1518	
155.0000	-62.0242	21.8448	
160.0000	-63.5258	11.4421	
165.0000	-62.1313	4.8696	
170.0000	-63.9249	0.8200	
175.0000	-63.8121	-26.1261	
180.0000	-62.1939	-35.6292	
			
			
			
[Side Lobes Table]
			
No.	Rel Ampl	Azimuth  [deg]	Absolute Ampl
1L	-1.01	105.00	-62.74
2L	-1.22	85.00	-62.95
3L	-1.19	75.00	-62.92
1R	-1.19	145.00	-62.92
2R	-0.29	155.00	-62.02
3R	-0.40	165.00	-62.13
		 	
File Name:	uwb_dipole.rff		
			
Polarizat.	0.000	Phase	
Frequency	4.500 G	 [GHz]	
Roll  	20.000	[deg]	
Ch.	Channel1		
Beam			
Switch			
Dir	0.00	dBi	
Azimuth  [deg]	Amplitude (dB)	Phase [Deg]	
-180.0000	-62.3578	-37.5376	
-175.0000	-64.1639	-40.6951	
-170.0000	-67.7197	-22.4503	
-165.0000	-64.7649	5.2222	
-160.0000	-63.9699	-7.4141	
-155.0000	-64.9002	3.9710	
-150.0000	-63.8980	-8.0751	
-145.0000	-65.9185	-7.6499	
-140.0000	-67.3114	-11.7940	
-135.0000	-68.0531	-0.6057	
-130.0000	-67.0967	7.1311	
-125.0000	-70.4935	-5.5761	
-120.0000	-67.6555	-14.1626	
-115.0000	-68.4909	7.6391	
-110.0000	-67.8262	27.3237	
-105.0000	-71.5424	16.4925	
-100.0000	-70.7682	7.0938	
-95.0000	-69.6531	6.3515	
-90.0000	-69.4622	30.3484	
-85.0000	-70.6994	33.5290	
-80.0000	-69.8415	42.3794	
-75.0000	-68.7514	39.9534	
-70.0000	-67.9897	55.9245	
-65.0000	-68.6357	63.5378	
-60.0000	-67.6050	73.6212	
-55.0000	-68.7887	81.6178	
-50.0000	-67.1339	83.4858	
-45.0000	-67.5046	99.2369	
-40.0000	-66.6743	107.0810	
-35.0000	-66.3194	108.5359	
-30.0000	-66.5213	127.6005	
-25.0000	-64.2051	129.5754	
-20.0000	-64.7652	126.7831	
-15.0000	-65.4041	136.1250	
-10.0000	-64.9971	146.1660	
-5.0000	-64.6773	152.0111	
0.0000	-64.6283	157.0406	
5.0000	-64.5204	158.9034	
10.0000	-64.1911	159.9783	
15.0000	-63.8190	159.3036	
20.0000	-62.9469	156.6082	
25.0000	-62.0727	160.9847	
30.0000	-62.8259	169.3114	
35.0000	-63.7430	159.8969	
40.0000	-62.6217	162.3029	
45.0000	-63.1224	162.7471	
50.0000	-63.9748	152.5167	
55.0000	-62.2098	159.7783	
60.0000	-63.3031	144.1595	
65.0000	-64.1178	147.2601	
70.0000	-63.8296	142.4524	
75.0000	-63.1263	140.4727	
80.0000	-63.7225	133.7597	
85.0000	-62.2901	125.8490	
90.0000	-62.8925	108.0025	
95.0000	-63.1140	106.2405	
100.0000	-64.6342	100.3795	
105.0000	-63.2026	100.6356	
110.0000	-62.5293	82.7575	
115.0000	-63.0866	68.1697	
120.0000	-64.2400	55.7668	
125.0000	-63.8797	72.1931	
130.0000	-62.7651	56.4412	
135.0000	-62.9585	47.2554	
140.0000	-63.9734	40.8541	
145.0000	-63.4166	36.7205	
150.0000	-62.7550	22.8465	
155.0000	-63.0921	27.5774	
160.0000	-63.5040	6.2321	
165.0000	-62.7145	7.9564	
170.0000	-64.6904	-7.2952	
175.0000	-63.1573	-31.4877	
180.0000	-62.4098	-37.9138	
			
			
			
[Side Lobes Table]
			
No.	Rel Ampl	Azimuth  [deg]	Absolute Ampl
1L	-2.13	-25.00	-64.21
2L	-4.25	-35.00	-66.32
3L	-5.06	-50.00	-67.13
1R	-0.55	40.00	-62.62
2R	-0.14	55.00	-62.21
3R	-1.05	75.00	-63.13
		 	
File Name:	uwb_dipole.rff		
			
Polarizat.	0.000	Phase	
Frequency	4.500 G	 [GHz]	
Roll  	25.000	[deg]	
Ch.	Channel1		
Beam			
Switch			
Dir	0.00	dBi	
Azimuth  [deg]	Amplitude (dB)	Phase [Deg]	
-180.0000	-62.8534	-35.8437	
-175.0000	-63.4457	-41.3887	
-170.0000	-66.7341	-38.7846	
-165.0000	-67.5527	-2.5334	
-160.0000	-64.2695	-6.3058	
-155.0000	-66.9033	-10.4916	
-150.0000	-64.9547	-3.6111	
-145.0000	-66.8878	-13.3060	
-140.0000	-66.0922	-9.4372	
-135.0000	-67.5530	-17.0491	
-130.0000	-70.1419	-16.8509	
-125.0000	-68.4534	-20.7797	
-120.0000	-67.5115	-3.8663	
-115.0000	-70.5578	-4.7476	
-110.0000	-71.3554	-24.8758	
-105.0000	-70.2337	-18.9520	
-100.0000	-66.6412	-0.3804	
-95.0000	-70.7322	9.0918	
-90.0000	-69.6810	4.6768	
-85.0000	-70.6085	-1.7488	
-80.0000	-67.4595	11.2001	
-75.0000	-67.8518	40.6218	
-70.0000	-67.4854	37.6311	
-65.0000	-69.5244	49.1830	
-60.0000	-68.4363	49.8145	
-55.0000	-68.8605	65.6655	
-50.0000	-66.3487	72.8634	
-45.0000	-69.0876	81.4181	
-40.0000	-66.9397	92.5168	
-35.0000	-66.7041	96.8366	
-30.0000	-68.1143	109.6791	
-25.0000	-65.1104	126.0690	
-20.0000	-64.6593	119.5496	
-15.0000	-66.0884	127.0925	
-10.0000	-65.8445	141.5965	
-5.0000	-65.1290	149.7644	
0.0000	-64.8841	154.0428	
5.0000	-64.7182	159.1126	
10.0000	-64.5326	161.0690	
15.0000	-64.1068	160.8704	
20.0000	-63.5865	159.6544	
25.0000	-62.7622	159.9683	
30.0000	-62.3279	169.3871	
35.0000	-64.1024	169.1611	
40.0000	-63.0298	161.3152	
45.0000	-62.7655	164.5141	
50.0000	-63.9173	167.4189	
55.0000	-62.7921	155.1047	
60.0000	-64.7578	157.4825	
65.0000	-63.1033	156.5141	
70.0000	-63.2417	151.8755	
75.0000	-64.0821	143.5660	
80.0000	-63.2559	139.9545	
85.0000	-63.6109	127.2880	
90.0000	-64.5886	127.2039	
95.0000	-64.2366	116.0710	
100.0000	-63.3450	116.6254	
105.0000	-63.8844	98.6623	
110.0000	-64.8849	84.2471	
115.0000	-65.1633	86.7380	
120.0000	-63.9143	89.2760	
125.0000	-62.4861	70.3342	
130.0000	-63.3453	52.1930	
135.0000	-64.1643	50.0099	
140.0000	-63.6424	51.1441	
145.0000	-63.2913	39.0448	
150.0000	-63.5155	31.6261	
155.0000	-62.3694	32.0064	
160.0000	-64.9558	19.9862	
165.0000	-62.9844	7.0740	
170.0000	-64.2771	4.2470	
175.0000	-64.5683	-22.4235	
180.0000	-62.7969	-35.9194	
			
			
			
[Side Lobes Table]
			
No.	Rel Ampl	Azimuth  [deg]	Absolute Ampl
1L	-2.33	-20.00	-64.66
2L	-4.38	-35.00	-66.70
3L	-4.02	-50.00	-66.35
1R	-0.44	45.00	-62.77
2R	-0.46	55.00	-62.79
3R	-0.78	65.00	-63.10
		 	
File Name:	uwb_dipole.rff		
			
Polarizat.	0.000	Phase	
Frequency	4.500 G	 [GHz]	
Roll  	30.000	[deg]	
Ch.	Channel1		
Beam			
Switch			
Dir	0.00	dBi	
Azimuth  [deg]	Amplitude (dB)	Phase [Deg]	
-180.0000	-63.0021	-38.8843	
-175.0000	-64.6710	-45.3550	
-170.0000	-68.4095	-31.4892	
-165.0000	-65.9038	-1.7756	
-160.0000	-65.2773	-20.1772	
-155.0000	-68.0928	-10.2591	
-150.0000	-66.2341	-21.1419	
-145.0000	-69.3320	-14.0707	
-140.0000	-67.8025	-20.3050	
-135.0000	-67.8269	-21.2789	
-130.0000	-68.3343	-24.4824	
-125.0000	-70.5979	-47.0753	
-120.0000	-67.2152	-32.7196	
-115.0000	-68.4022	-24.8634	
-110.0000	-67.5875	-2.4800	
-105.0000	-71.8098	-24.3914	
-100.0000	-66.9526	-19.0174	
-95.0000	-68.6421	-29.3694	
-90.0000	-66.7063	5.6512	
-85.0000	-69.6795	-1.0012	
-80.0000	-67.4029	7.0298	
-75.0000	-68.2826	21.8585	
-70.0000	-65.7647	31.7113	
-65.0000	-68.9419	43.4351	
-60.0000	-66.7787	45.7626	
-55.0000	-69.8236	61.2601	
-50.0000	-66.0609	63.0922	
-45.0000	-69.1931	77.6692	
-40.0000	-66.5123	90.7570	
-35.0000	-67.3025	85.3739	
-30.0000	-68.6544	120.1527	
-25.0000	-64.6859	120.6756	
-20.0000	-65.5559	114.6865	
-15.0000	-66.9365	129.0053	
-10.0000	-66.0617	144.7858	
-5.0000	-65.3707	151.7912	
0.0000	-65.2126	157.1344	
5.0000	-65.0088	160.8580	
10.0000	-64.6447	163.5625	
15.0000	-64.3851	163.1736	
20.0000	-63.6422	160.8140	
25.0000	-62.5998	165.6197	
30.0000	-63.1874	174.6246	
35.0000	-64.4455	167.5297	
40.0000	-63.2703	165.7550	
45.0000	-63.0592	168.4487	
50.0000	-64.5848	166.9642	
55.0000	-63.1489	167.9343	
60.0000	-64.1617	155.1713	
65.0000	-64.8645	156.2813	
70.0000	-63.7815	160.2183	
75.0000	-64.6128	154.1376	
80.0000	-64.0834	146.8422	
85.0000	-62.7248	137.8689	
90.0000	-64.3779	125.4237	
95.0000	-64.3163	114.6219	
100.0000	-65.8460	119.0111	
105.0000	-64.3084	111.1951	
110.0000	-64.0678	90.6932	
115.0000	-63.7695	77.1474	
120.0000	-66.3783	72.8125	
125.0000	-65.2072	81.2407	
130.0000	-63.6443	62.2390	
135.0000	-63.6740	51.1926	
140.0000	-64.6448	46.9727	
145.0000	-63.6311	40.5150	
150.0000	-62.8487	28.3874	
155.0000	-63.3457	36.7421	
160.0000	-64.8620	12.4829	
165.0000	-63.4099	10.4647	
170.0000	-65.4720	-4.3482	
175.0000	-63.8583	-31.4396	
180.0000	-63.0438	-39.3897	
			
			
			
[Side Lobes Table]
			
No.	Rel Ampl	Azimuth  [deg]	Absolute Ampl
1L	-2.09	-25.00	-64.69
2L	-3.91	-40.00	-66.51
3L	-3.46	-50.00	-66.06
1R	-0.46	45.00	-63.06
2R	-0.55	55.00	-63.15
3R	-1.18	70.00	-63.78
		 	
File Name:	uwb_dipole.rff		
			
Polarizat.	0.000	Phase	
Frequency	4.500 G	 [GHz]	
Roll  	35.000	[deg]	
Ch.	Channel1		
Beam			
Switch			
Dir	0.00	dBi	
Azimuth  [deg]	Amplitude (dB)	Phase [Deg]	
-180.0000	-63.5996	-38.1630	
-175.0000	-64.0013	-44.4045	
-170.0000	-66.8233	-44.6458	
-165.0000	-67.8891	-9.0504	
-160.0000	-64.9807	-15.3250	
-155.0000	-67.9217	-27.5343	
-150.0000	-66.4189	-19.8607	
-145.0000	-68.7050	-41.5895	
-140.0000	-68.3751	-28.3208	
-135.0000	-70.9453	-32.7438	
-130.0000	-69.7807	-24.3671	
-125.0000	-66.3917	-41.7570	
-120.0000	-69.0215	-26.2962	
-115.0000	-67.3982	-34.1297	
-110.0000	-71.8775	-60.5729	
-105.0000	-66.4178	-27.2007	
-100.0000	-66.7106	-18.4511	
-95.0000	-66.0735	-13.2989	
-90.0000	-70.4194	-28.5842	
-85.0000	-66.3150	-10.1863	
-80.0000	-66.4443	0.7905	
-75.0000	-65.7213	18.6921	
-70.0000	-67.8381	27.5845	
-65.0000	-66.8145	20.1355	
-60.0000	-68.4616	41.4944	
-55.0000	-66.2480	37.0074	
-50.0000	-68.0598	65.7433	
-45.0000	-67.0618	59.1069	
-40.0000	-68.9970	82.5632	
-35.0000	-65.8880	85.3278	
-30.0000	-69.9198	87.0000	
-25.0000	-66.7140	122.8219	
-20.0000	-65.0217	113.8436	
-15.0000	-67.2287	115.7552	
-10.0000	-67.4166	138.5969	
-5.0000	-65.9705	150.3532	
0.0000	-65.7151	154.3506	
5.0000	-65.4148	161.7258	
10.0000	-65.0220	164.7967	
15.0000	-64.8316	165.4010	
20.0000	-64.5229	164.2254	
25.0000	-63.5153	165.1180	
30.0000	-62.8600	174.3385	
35.0000	-64.6310	178.8061	
40.0000	-64.1572	168.4722	
45.0000	-63.6153	169.8461	
50.0000	-64.1983	174.3369	
55.0000	-63.9572	166.1294	
60.0000	-65.3672	170.2659	
65.0000	-64.7461	172.3086	
70.0000	-63.9477	158.0151	
75.0000	-64.4802	161.8325	
80.0000	-64.1916	154.9634	
85.0000	-65.1032	141.1124	
90.0000	-64.8291	140.4559	
95.0000	-65.5861	136.5257	
100.0000	-64.0654	131.1399	
105.0000	-65.3828	114.1669	
110.0000	-67.1141	105.4169	
115.0000	-67.4682	96.7822	
120.0000	-65.2401	100.9650	
125.0000	-63.4960	76.1338	
130.0000	-64.9678	63.8759	
135.0000	-65.5450	54.5548	
140.0000	-64.7695	59.1594	
145.0000	-64.3181	42.5505	
150.0000	-64.3671	34.1386	
155.0000	-62.7459	32.4949	
160.0000	-65.5225	24.5722	
165.0000	-63.6326	8.2685	
170.0000	-65.1488	6.2195	
175.0000	-65.4239	-25.3508	
180.0000	-63.5584	-38.0887	
			
			
			
[Side Lobes Table]
			
No.	Rel Ampl	Azimuth  [deg]	Absolute Ampl
1L	-1.57	145.00	-64.32
2L	-0.75	125.00	-63.50
3L	-1.32	100.00	-64.07
1R	-0.89	165.00	-63.63
		 	
File Name:	uwb_dipole.rff		
			
Polarizat.	0.000	Phase	
Frequency	4.500 G	 [GHz]	
Roll  	40.000	[deg]	
Ch.	Channel1		
Beam			
Switch			
Dir	0.00	dBi	
Azimuth  [deg]	Amplitude (dB)	Phase [Deg]	
-180.0000	-63.9433	-41.2894	
-175.0000	-65.2579	-47.9504	
-170.0000	-68.7753	-33.1761	
-165.0000	-66.7275	-5.7906	
-160.0000	-65.5884	-25.4959	
-155.0000	-68.0319	-22.1149	
-150.0000	-65.9757	-34.5590	
-145.0000	-69.4662	-34.7704	
-140.0000	-66.8495	-48.5651	
-135.0000	-70.0954	-54.5327	
-130.0000	-71.9889	-29.5690	
-125.0000	-67.7783	-52.5966	
-120.0000	-67.8944	-41.4305	
-115.0000	-64.6215	-35.2983	
-110.0000	-68.7956	-32.3710	
-105.0000	-68.7931	-27.5160	
-100.0000	-67.0438	-35.8192	
-95.0000	-65.0195	-22.0727	
-90.0000	-67.2663	-11.8953	
-85.0000	-66.4328	-4.4220	
-80.0000	-67.1382	-2.0542	
-75.0000	-65.6446	11.1059	
-70.0000	-66.0586	24.5900	
-65.0000	-66.5074	25.6664	
-60.0000	-67.9966	40.4431	
-55.0000	-66.8227	39.6182	
-50.0000	-67.4129	57.8610	
-45.0000	-67.2229	57.0781	
-40.0000	-68.8561	83.0324	
-35.0000	-66.2056	80.2433	
-30.0000	-70.7919	98.1458	
-25.0000	-66.0917	119.2448	
-20.0000	-66.0614	108.8984	
-15.0000	-68.5005	123.3530	
-10.0000	-67.4656	144.0935	
-5.0000	-66.3878	151.4532	
0.0000	-66.1342	158.6636	
5.0000	-65.6694	162.3723	
10.0000	-65.3912	166.3065	
15.0000	-65.3266	167.2869	
20.0000	-64.5910	165.5699	
25.0000	-63.4471	169.2032	
30.0000	-63.7029	-179.0336	
35.0000	-65.1953	175.8153	
40.0000	-64.7456	173.8203	
45.0000	-64.3534	173.5607	
50.0000	-65.5739	175.8139	
55.0000	-64.2966	176.2274	
60.0000	-64.8962	166.8407	
65.0000	-66.5294	170.4366	
70.0000	-64.7811	172.6229	
75.0000	-65.3013	166.5006	
80.0000	-64.1212	164.1975	
85.0000	-64.3417	152.2087	
90.0000	-64.7270	138.6853	
95.0000	-65.8354	131.4742	
100.0000	-66.6201	141.7121	
105.0000	-66.1361	129.2044	
110.0000	-65.7822	107.5014	
115.0000	-65.7894	86.6468	
120.0000	-68.4882	85.8304	
125.0000	-66.0081	85.8472	
130.0000	-65.5416	74.0005	
135.0000	-64.9930	54.0739	
140.0000	-66.2501	55.3164	
145.0000	-65.0800	44.9061	
150.0000	-64.4328	29.8538	
155.0000	-64.5000	36.0575	
160.0000	-65.3920	11.4846	
165.0000	-63.8561	12.0636	
170.0000	-66.5164	-1.6107	
175.0000	-65.0968	-31.6930	
180.0000	-63.9466	-41.3811	
			
			
			
[Side Lobes Table]
			
No.	Rel Ampl	Azimuth  [deg]	Absolute Ampl
1L	-2.61	-20.00	-66.06
2L	-2.76	-35.00	-66.21
3L	-3.78	-45.00	-67.22
1R	-0.91	45.00	-64.35
2R	-0.85	55.00	-64.30
3R	-1.33	70.00	-64.78
		 	
File Name:	uwb_dipole.rff		
			
Polarizat.	0.000	Phase	
Frequency	4.500 G	 [GHz]	
Roll  	45.000	[deg]	
Ch.	Channel1		
Beam			
Switch			
Dir	0.00	dBi	
Azimuth  [deg]	Amplitude (dB)	Phase [Deg]	
-180.0000	-64.7060	-38.4716	
-175.0000	-65.0374	-46.3976	
-170.0000	-67.5881	-45.6767	
-165.0000	-68.9459	-9.5625	
-160.0000	-65.9014	-14.8386	
-155.0000	-68.3489	-29.2139	
-150.0000	-66.7292	-22.6823	
-145.0000	-69.0870	-42.0313	
-140.0000	-66.7796	-28.8302	
-135.0000	-67.2985	-49.1306	
-130.0000	-68.7667	-68.4293	
-125.0000	-67.8444	-47.2028	
-120.0000	-67.4254	-46.4185	
-115.0000	-69.1088	-34.8329	
-110.0000	-67.8027	-43.6310	
-105.0000	-65.9975	-38.1837	
-100.0000	-64.9421	-25.0938	
-95.0000	-67.3506	-16.6662	
-90.0000	-67.3938	-23.9838	
-85.0000	-66.3331	-12.1214	
-80.0000	-64.8861	-3.2819	
-75.0000	-65.7742	18.4899	
-70.0000	-67.0873	18.2591	
-65.0000	-66.3960	22.7589	
-60.0000	-67.0594	24.3619	
-55.0000	-66.8997	38.1381	
-50.0000	-67.0672	49.4917	
-45.0000	-67.6999	57.7748	
-40.0000	-68.3340	59.5389	
-35.0000	-67.8873	84.5925	
-30.0000	-68.4989	74.9728	
-25.0000	-69.1617	112.0166	
-20.0000	-66.2133	107.8664	
-15.0000	-68.2503	108.4616	
-10.0000	-69.1399	133.9050	
-5.0000	-67.4013	149.5893	
0.0000	-66.8083	154.9632	
5.0000	-66.4941	161.6134	
10.0000	-66.1010	166.0361	
15.0000	-65.9740	168.5572	
20.0000	-65.6700	167.9721	
25.0000	-64.6345	168.4198	
30.0000	-63.7665	176.8130	
35.0000	-65.4147	-175.8470	
40.0000	-65.4863	177.2576	
45.0000	-65.2905	177.7460	
50.0000	-65.4938	-177.0286	
55.0000	-65.6728	176.8301	
60.0000	-66.8379	179.7627	
65.0000	-65.3705	-173.5232	
70.0000	-65.2140	170.6168	
75.0000	-65.5759	-179.8880	
80.0000	-65.5006	164.7856	
85.0000	-65.0886	160.2713	
90.0000	-66.3267	156.6646	
95.0000	-66.1400	151.9066	
100.0000	-64.7949	147.7116	
105.0000	-66.6389	135.6629	
110.0000	-68.7558	125.0328	
115.0000	-69.2544	117.2138	
120.0000	-66.2650	114.1551	
125.0000	-66.0690	86.8822	
130.0000	-66.4687	72.0715	
135.0000	-68.0645	64.7077	
140.0000	-65.9908	63.3105	
145.0000	-66.0156	50.7022	
150.0000	-66.3920	39.5128	
155.0000	-64.6256	35.0644	
160.0000	-66.9685	22.8295	
165.0000	-64.3701	7.5071	
170.0000	-65.7726	9.3685	
175.0000	-66.8306	-22.8030	
180.0000	-64.6881	-38.7886	
			
			
			
[Side Lobes Table]
			
No.	Rel Ampl	Azimuth  [deg]	Absolute Ampl
1L	-2.45	-20.00	-66.21
2L	-4.12	-35.00	-67.89
3L	-3.13	-55.00	-66.90
1R	-1.52	45.00	-65.29
2R	-1.45	70.00	-65.21
3R	-1.32	85.00	-65.09
		 	
File Name:	uwb_dipole.rff		
			
Polarizat.	0.000	Phase	
Frequency	4.500 G	 [GHz]	
Roll  	50.000	[deg]	
Ch.	Channel1		
Beam			
Switch			
Dir	0.00	dBi	
Azimuth  [deg]	Amplitude (dB)	Phase [Deg]	
-180.0000	-65.2856	-42.3200	
-175.0000	-66.4367	-48.8676	
-170.0000	-70.0312	-32.8646	
-165.0000	-68.2380	-2.3098	
-160.0000	-67.1904	-24.2082	
-155.0000	-69.8497	-20.3412	
-150.0000	-68.0826	-33.3755	
-145.0000	-72.9459	-24.8640	
-140.0000	-68.5321	-30.4728	
-135.0000	-67.4262	-40.2275	
-130.0000	-69.3374	-54.8321	
-125.0000	-68.4813	-51.2048	
-120.0000	-66.0927	-52.0324	
-115.0000	-66.5282	-42.8131	
-110.0000	-67.4945	-30.9085	
-105.0000	-68.3682	-28.1454	
-100.0000	-65.4889	-36.9977	
-95.0000	-65.6499	-21.2811	
-90.0000	-66.0449	-13.2231	
-85.0000	-66.7486	-0.5273	
-80.0000	-66.7516	-2.0260	
-75.0000	-65.1246	12.6166	
-70.0000	-66.2881	19.5677	
-65.0000	-66.8634	28.4083	
-60.0000	-67.2705	34.0588	
-55.0000	-67.5399	36.6254	
-50.0000	-67.0155	50.6304	
-45.0000	-68.1901	55.4004	
-40.0000	-68.8406	63.7810	
-35.0000	-68.3406	79.7987	
-30.0000	-70.2788	85.9671	
-25.0000	-68.0357	111.3913	
-20.0000	-67.4696	104.3276	
-15.0000	-69.9240	116.1722	
-10.0000	-69.4970	142.2249	
-5.0000	-67.8563	152.3056	
0.0000	-67.3729	158.6817	
5.0000	-67.1092	163.2888	
10.0000	-66.7897	168.4620	
15.0000	-66.6883	171.1138	
20.0000	-66.0356	168.1720	
25.0000	-64.8184	171.6630	
30.0000	-64.9041	-177.1344	
35.0000	-66.2980	-179.1210	
40.0000	-66.1850	-177.7653	
45.0000	-65.9098	-177.7721	
50.0000	-66.8130	-171.6274	
55.0000	-66.0581	-170.7222	
60.0000	-66.6216	175.7684	
65.0000	-67.5237	-173.0571	
70.0000	-65.6885	-177.1006	
75.0000	-66.0293	-175.2453	
80.0000	-65.4924	174.1152	
85.0000	-64.8432	163.5508	
90.0000	-65.8656	152.4306	
95.0000	-67.1740	147.6074	
100.0000	-66.6453	155.6261	
105.0000	-67.0221	145.2677	
110.0000	-67.1375	127.1690	
115.0000	-67.6898	99.5042	
120.0000	-70.2607	108.0581	
125.0000	-68.0812	99.0195	
130.0000	-67.2214	83.6453	
135.0000	-67.6646	61.1254	
140.0000	-67.7915	58.4545	
145.0000	-66.8173	52.8005	
150.0000	-66.6630	33.9032	
155.0000	-66.6293	38.4544	
160.0000	-66.9787	9.3014	
165.0000	-64.9109	10.7562	
170.0000	-67.8448	0.5806	
175.0000	-66.4803	-31.6601	
180.0000	-65.2750	-42.2695	
			
			
			
[Side Lobes Table]
			
No.	Rel Ampl	Azimuth  [deg]	Absolute Ampl
1L	-2.65	-20.00	-67.47
2L	-3.52	-35.00	-68.34
3L	-2.20	-50.00	-67.02
1R	-1.09	45.00	-65.91
2R	-1.24	55.00	-66.06
3R	-0.87	70.00	-65.69
		 	
File Name:	uwb_dipole.rff		
			
Polarizat.	0.000	Phase	
Frequency	4.500 G	 [GHz]	
Roll  	55.000	[deg]	
Ch.	Channel1		
Beam			
Switch			
Dir	0.00	dBi	
Azimuth  [deg]	Amplitude (dB)	Phase [Deg]	
-180.0000	-66.4206	-39.2274	
-175.0000	-66.4502	-47.1683	
-170.0000	-69.3426	-43.8376	
-165.0000	-71.2869	-7.4824	
-160.0000	-68.2609	-13.1049	
-155.0000	-71.1467	-29.6033	
-150.0000	-70.0120	-24.0323	
-145.0000	-73.3225	-61.3900	
-140.0000	-74.0260	-27.1999	
-135.0000	-73.0265	-33.3665	
-130.0000	-69.9789	-52.2706	
-125.0000	-69.6348	-53.4289	
-120.0000	-68.0865	-37.7476	
-115.0000	-67.5805	-41.0235	
-110.0000	-67.7321	-40.4875	
-105.0000	-66.1999	-42.8380	
-100.0000	-66.0666	-16.6283	
-95.0000	-67.1244	-25.0452	
-90.0000	-68.1278	-13.4032	
-85.0000	-66.5602	-16.1496	
-80.0000	-65.5263	1.2888	
-75.0000	-67.0611	16.9374	
-70.0000	-66.2491	21.9086	
-65.0000	-67.5307	17.2786	
-60.0000	-67.6241	29.2501	
-55.0000	-67.2109	36.4242	
-50.0000	-68.3497	47.6620	
-45.0000	-68.3739	50.5152	
-40.0000	-68.6303	62.3084	
-35.0000	-69.4229	67.1445	
-30.0000	-70.2012	78.5647	
-25.0000	-69.9715	99.7441	
-20.0000	-68.3098	104.5159	
-15.0000	-70.0972	103.5914	
-10.0000	-71.3212	131.7170	
-5.0000	-69.2549	150.0980	
0.0000	-68.5295	154.5379	
5.0000	-68.2589	162.0471	
10.0000	-67.7757	167.8858	
15.0000	-67.6843	171.8070	
20.0000	-67.3597	170.8456	
25.0000	-66.2158	170.4424	
30.0000	-65.5427	178.9736	
35.0000	-66.9713	-174.2352	
40.0000	-66.9062	-176.6862	
45.0000	-67.2928	-175.9621	
50.0000	-66.9332	-168.9784	
55.0000	-66.9182	-170.9176	
60.0000	-68.7345	-165.8450	
65.0000	-66.5362	-162.9674	
70.0000	-66.9826	-175.4719	
75.0000	-66.1706	-171.0751	
80.0000	-66.4287	178.1623	
85.0000	-66.0399	171.7154	
90.0000	-67.4107	166.0593	
95.0000	-66.4437	163.3294	
100.0000	-65.7101	154.2080	
105.0000	-67.7048	153.3925	
110.0000	-69.2716	133.1194	
115.0000	-70.5272	138.2713	
120.0000	-67.4559	125.3863	
125.0000	-68.2545	99.7215	
130.0000	-68.5174	82.3466	
135.0000	-70.6977	73.9825	
140.0000	-68.7278	73.3028	
145.0000	-67.7034	53.2085	
150.0000	-68.4610	47.1169	
155.0000	-66.9866	39.5241	
160.0000	-69.6708	22.5734	
165.0000	-66.1611	6.2171	
170.0000	-67.4050	9.0958	
175.0000	-68.4764	-23.7850	
180.0000	-66.4383	-39.8440	
			
			
			
[Side Lobes Table]
			
No.	Rel Ampl	Azimuth  [deg]	Absolute Ampl
1L	-0.54	-100.00	-66.07
2L	-2.05	-115.00	-67.58
3L	-4.49	-150.00	-70.01
1R	-0.72	-70.00	-66.25
2R	-1.68	-55.00	-67.21
3R	-2.78	-20.00	-68.31
		 	
File Name:	uwb_dipole.rff		
			
Polarizat.	0.000	Phase	
Frequency	4.500 G	 [GHz]	
Roll  	60.000	[deg]	
Ch.	Channel1		
Beam			
Switch			
Dir	0.00	dBi	
Azimuth  [deg]	Amplitude (dB)	Phase [Deg]	
-180.0000	-67.1440	-44.0403	
-175.0000	-68.3328	-49.1071	
-170.0000	-72.3017	-30.7847	
-165.0000	-71.0289	-1.1191	
-160.0000	-70.3806	-25.9867	
-155.0000	-73.5616	-24.8763	
-150.0000	-70.6593	-45.9188	
-145.0000	-75.7892	-78.1013	
-140.0000	-73.8113	-72.5224	
-135.0000	-73.4581	-54.2836	
-130.0000	-71.3121	-67.3237	
-125.0000	-71.3610	-66.6085	
-120.0000	-69.0237	-48.2570	
-115.0000	-68.0717	-40.8726	
-110.0000	-67.8030	-25.1750	
-105.0000	-68.0310	-33.2350	
-100.0000	-66.4928	-26.5820	
-95.0000	-65.4776	-28.9347	
-90.0000	-67.8815	-7.2998	
-85.0000	-67.9260	-2.0266	
-80.0000	-67.1415	6.6944	
-75.0000	-67.9771	13.3570	
-70.0000	-66.2182	24.9516	
-65.0000	-68.7587	26.9155	
-60.0000	-68.2233	34.6028	
-55.0000	-68.8857	38.8545	
-50.0000	-68.2707	48.7929	
-45.0000	-69.7760	53.6921	
-40.0000	-69.3202	64.0507	
-35.0000	-70.4962	67.1044	
-30.0000	-71.8936	89.9560	
-25.0000	-69.7759	102.7865	
-20.0000	-69.8541	101.5247	
-15.0000	-72.3059	115.2152	
-10.0000	-71.4322	141.3715	
-5.0000	-70.0239	152.4332	
0.0000	-69.5683	159.1639	
5.0000	-69.2895	165.0317	
10.0000	-68.8925	171.7072	
15.0000	-68.7093	174.6905	
20.0000	-68.1031	171.1317	
25.0000	-66.8139	172.9505	
30.0000	-67.3212	-175.6217	
35.0000	-68.4322	-177.4871	
40.0000	-68.2615	-171.3606	
45.0000	-68.2485	-173.2508	
50.0000	-68.6990	-166.1524	
55.0000	-67.3050	-159.3421	
60.0000	-68.0776	-173.9716	
65.0000	-68.5065	-161.8037	
70.0000	-67.7187	-166.5567	
75.0000	-67.0251	-166.4174	
80.0000	-66.7547	179.2290	
85.0000	-65.7405	176.1456	
90.0000	-67.8480	158.2910	
95.0000	-67.9470	159.0819	
100.0000	-68.0447	161.5470	
105.0000	-68.7099	161.9164	
110.0000	-68.3059	134.3773	
115.0000	-71.0405	115.8128	
120.0000	-71.5667	117.1642	
125.0000	-70.9593	112.4816	
130.0000	-68.9050	93.4193	
135.0000	-69.8456	65.8308	
140.0000	-71.1137	67.1521	
145.0000	-69.3224	54.4069	
150.0000	-68.5566	37.8554	
155.0000	-69.2549	43.6619	
160.0000	-69.5604	7.1151	
165.0000	-67.2416	9.2319	
170.0000	-69.7387	-0.1031	
175.0000	-68.3920	-34.5996	
180.0000	-67.0953	-44.9819	
			
			
			
[Side Lobes Table]
			
No.	Rel Ampl	Azimuth  [deg]	Absolute Ampl
1L	-2.33	-110.00	-67.80
2L	-5.83	-130.00	-71.31
3L	-5.18	-150.00	-70.66
1R	-1.66	-80.00	-67.14
2R	-0.74	-70.00	-66.22
3R	-2.75	-60.00	-68.22
		 	
File Name:	uwb_dipole.rff		
			
Polarizat.	0.000	Phase	
Frequency	4.500 G	 [GHz]	
Roll  	65.000	[deg]	
Ch.	Channel1		
Beam			
Switch			
Dir	0.00	dBi	
Azimuth  [deg]	Amplitude (dB)	Phase [Deg]	
-180.0000	-68.5533	-43.0902	
-175.0000	-68.7976	-48.5016	
-170.0000	-72.5067	-41.2654	
-165.0000	-74.6804	-4.3349	
-160.0000	-71.7793	-12.9534	
-155.0000	-74.1527	-34.1627	
-150.0000	-72.5408	-30.3167	
-145.0000	-72.3899	-72.5344	
-140.0000	-72.8235	-70.4935	
-135.0000	-74.0388	-80.3436	
-130.0000	-70.8395	-70.4239	
-125.0000	-69.1335	-71.2528	
-120.0000	-70.0326	-55.2495	
-115.0000	-69.1561	-46.2767	
-110.0000	-69.5687	-46.0647	
-105.0000	-68.7892	-28.0647	
-100.0000	-68.1159	-20.2122	
-95.0000	-67.4166	-3.7997	
-90.0000	-67.8929	-24.7518	
-85.0000	-68.9433	-11.6646	
-80.0000	-68.6944	2.4198	
-75.0000	-67.9431	18.6297	
-70.0000	-70.4917	28.4901	
-65.0000	-67.9377	20.9115	
-60.0000	-69.3949	34.6039	
-55.0000	-69.3741	32.5883	
-50.0000	-69.8611	52.4639	
-45.0000	-70.5360	47.5002	
-40.0000	-70.6019	64.2918	
-35.0000	-70.5090	63.5328	
-30.0000	-73.8718	74.0058	
-25.0000	-71.8684	99.8187	
-20.0000	-70.7239	101.2590	
-15.0000	-72.6628	103.7253	
-10.0000	-73.8221	132.0893	
-5.0000	-71.7908	149.4073	
0.0000	-71.1241	155.1563	
5.0000	-70.9243	163.0899	
10.0000	-70.4379	171.1107	
15.0000	-69.9367	175.7312	
20.0000	-69.8103	173.0591	
25.0000	-68.9487	169.8298	
30.0000	-68.2659	179.3849	
35.0000	-70.1333	-172.8372	
40.0000	-69.6529	-172.7276	
45.0000	-70.4787	-168.8452	
50.0000	-69.8061	-163.6888	
55.0000	-69.1608	-167.3625	
60.0000	-71.0397	-157.9989	
65.0000	-67.8111	-159.6812	
70.0000	-68.7023	-163.4715	
75.0000	-68.1473	-165.4109	
80.0000	-68.7197	-173.8751	
85.0000	-68.0154	173.0761	
90.0000	-69.1396	175.4842	
95.0000	-67.8559	166.1425	
100.0000	-67.3473	163.8027	
105.0000	-69.0464	155.5471	
110.0000	-71.4026	144.2160	
115.0000	-71.4441	140.6282	
120.0000	-70.4268	132.1778	
125.0000	-70.1028	108.9984	
130.0000	-71.4262	83.0471	
135.0000	-75.1509	84.0787	
140.0000	-70.9053	80.6073	
145.0000	-71.3097	58.7985	
150.0000	-71.6810	40.9913	
155.0000	-69.2709	44.5294	
160.0000	-73.2545	24.5336	
165.0000	-69.5074	4.5368	
170.0000	-70.1995	4.6023	
175.0000	-70.8585	-28.5822	
180.0000	-68.5483	-42.3746	
			
			
			
[Side Lobes Table]
			
No.	Rel Ampl	Azimuth  [deg]	Absolute Ampl
1L	-0.67	85.00	-68.02
2L	-0.80	75.00	-68.15
3L	-0.46	65.00	-67.81
1R	-2.76	125.00	-70.10
2R	-3.56	140.00	-70.91
3R	-1.92	155.00	-69.27
		 	
File Name:	uwb_dipole.rff		
			
Polarizat.	0.000	Phase	
Frequency	4.500 G	 [GHz]	
Roll  	70.000	[deg]	
Ch.	Channel1		
Beam			
Switch			
Dir	0.00	dBi	
Azimuth  [deg]	Amplitude (dB)	Phase [Deg]	
-180.0000	-69.9179	-47.1647	
-175.0000	-71.3976	-48.1979	
-170.0000	-76.4838	-31.8437	
-165.0000	-75.5459	-1.8794	
-160.0000	-73.5899	-23.9116	
-155.0000	-75.6513	-22.6003	
-150.0000	-72.7226	-39.2094	
-145.0000	-75.1014	-63.7040	
-140.0000	-72.6019	-73.1353	
-135.0000	-73.3941	-63.7098	
-130.0000	-71.3240	-60.1678	
-125.0000	-70.6444	-57.0554	
-120.0000	-69.9207	-46.7021	
-115.0000	-68.6565	-36.8052	
-110.0000	-69.3779	-42.0113	
-105.0000	-70.9313	-33.1224	
-100.0000	-70.1647	-28.6303	
-95.0000	-67.6721	-7.2265	
-90.0000	-67.9539	-9.7786	
-85.0000	-69.5230	2.1931	
-80.0000	-70.9980	3.7783	
-75.0000	-70.0492	17.1595	
-70.0000	-70.3364	37.8480	
-65.0000	-70.8048	27.6278	
-60.0000	-70.1222	37.7562	
-55.0000	-72.0623	36.4328	
-50.0000	-70.3861	51.5231	
-45.0000	-73.1397	54.7557	
-40.0000	-71.5866	65.4170	
-35.0000	-72.8418	61.8925	
-30.0000	-75.8316	87.1816	
-25.0000	-72.8307	103.5559	
-20.0000	-72.8207	100.6581	
-15.0000	-75.3229	113.1584	
-10.0000	-74.9858	143.5655	
-5.0000	-73.1857	152.4220	
0.0000	-72.9414	160.9078	
5.0000	-72.4325	167.7114	
10.0000	-71.8951	176.4701	
15.0000	-71.5591	176.3786	
20.0000	-71.4607	168.0526	
25.0000	-70.4757	170.6399	
30.0000	-71.0664	-173.0535	
35.0000	-72.2705	-173.3352	
40.0000	-71.5922	-161.6400	
45.0000	-72.5555	-164.8126	
50.0000	-72.4487	-159.8107	
55.0000	-70.1046	-153.8586	
60.0000	-71.6636	-171.8386	
65.0000	-70.2899	-160.5857	
70.0000	-70.5260	-159.7109	
75.0000	-70.1023	-163.9132	
80.0000	-69.2591	-173.2311	
85.0000	-68.4938	176.5175	
90.0000	-70.1651	158.6403	
95.0000	-70.0388	160.0254	
100.0000	-70.5199	170.1596	
105.0000	-71.4493	161.6686	
110.0000	-71.3835	143.2137	
115.0000	-72.1815	125.2178	
120.0000	-75.4162	125.3629	
125.0000	-72.9112	127.1702	
130.0000	-71.8193	100.9412	
135.0000	-73.6584	63.8214	
140.0000	-74.7924	73.4096	
145.0000	-73.9103	65.8034	
150.0000	-72.0226	32.4194	
155.0000	-72.1560	49.3016	
160.0000	-74.1025	8.8363	
165.0000	-71.2257	8.2138	
170.0000	-73.9436	-6.5739	
175.0000	-71.2294	-39.6703	
180.0000	-70.0617	-46.9349	
			
			
			
[Side Lobes Table]
			
No.	Rel Ampl	Azimuth  [deg]	Absolute Ampl
1L	-0.98	-115.00	-68.66
2L	-4.93	-140.00	-72.60
3L	-5.05	-150.00	-72.72
1R	-2.38	-75.00	-70.05
2R	-2.45	-60.00	-70.12
3R	-2.71	-50.00	-70.39
		 	
File Name:	uwb_dipole.rff		
			
Polarizat.	0.000	Phase	
Frequency	4.500 G	 [GHz]	
Roll  	75.000	[deg]	
Ch.	Channel1		
Beam			
Switch			
Dir	0.00	dBi	
Azimuth  [deg]	Amplitude (dB)	Phase [Deg]	
-180.0000	-72.1501	-47.0647	
-175.0000	-72.5798	-48.8114	
-170.0000	-76.7310	-42.3801	
-165.0000	-79.7000	-11.9916	
-160.0000	-75.7524	-10.8099	
-155.0000	-76.8310	-23.1597	
-150.0000	-75.6669	-9.5615	
-145.0000	-76.6043	-47.7935	
-140.0000	-76.4771	-53.1812	
-135.0000	-76.9004	-71.5558	
-130.0000	-74.8739	-57.8042	
-125.0000	-73.6152	-52.3889	
-120.0000	-72.4599	-37.7838	
-115.0000	-71.9137	-27.5084	
-110.0000	-69.4026	-29.0075	
-105.0000	-70.3051	-35.5802	
-100.0000	-71.4748	-7.8023	
-95.0000	-71.5334	-10.2642	
-90.0000	-71.2871	-3.8424	
-85.0000	-71.6640	-8.3143	
-80.0000	-70.0701	10.3613	
-75.0000	-74.3167	13.6210	
-70.0000	-74.5186	27.8634	
-65.0000	-72.2050	29.0717	
-60.0000	-72.5194	37.1022	
-55.0000	-72.1804	37.4698	
-50.0000	-74.5847	53.1852	
-45.0000	-74.3764	41.8617	
-40.0000	-73.9955	69.8685	
-35.0000	-74.5318	62.2534	
-30.0000	-77.7195	63.9142	
-25.0000	-76.7141	102.4244	
-20.0000	-74.8075	105.0088	
-15.0000	-76.2386	102.8719	
-10.0000	-79.0661	136.2165	
-5.0000	-75.6973	152.2396	
0.0000	-75.4873	157.6342	
5.0000	-75.0762	166.7134	
10.0000	-74.4937	175.1320	
15.0000	-73.9091	178.7403	
20.0000	-74.2897	172.7436	
25.0000	-74.1328	163.7592	
30.0000	-73.2236	-179.2334	
35.0000	-74.8753	-167.6834	
40.0000	-73.5381	-165.5465	
45.0000	-74.9170	-151.8153	
50.0000	-74.1783	-153.8493	
55.0000	-73.1226	-161.5247	
60.0000	-75.0422	-147.2224	
65.0000	-72.2580	-158.4217	
70.0000	-72.0856	-157.1049	
75.0000	-72.9502	-161.5197	
80.0000	-72.4250	-176.3155	
85.0000	-71.7195	-177.0251	
90.0000	-73.4599	-174.5201	
95.0000	-70.6625	167.7298	
100.0000	-70.4664	165.4966	
105.0000	-73.0966	158.9779	
110.0000	-74.4900	136.2157	
115.0000	-75.1228	132.4515	
120.0000	-74.6399	141.9637	
125.0000	-73.9448	105.8381	
130.0000	-75.9718	84.0908	
135.0000	-81.8132	85.2830	
140.0000	-75.5960	88.9191	
145.0000	-75.2641	64.7087	
150.0000	-79.1509	39.5801	
155.0000	-73.5614	43.6951	
160.0000	-78.3549	27.2907	
165.0000	-75.0793	5.5937	
170.0000	-76.0377	4.7305	
175.0000	-75.4769	-38.9700	
180.0000	-72.1033	-47.6083	
			
			
			
[Side Lobes Table]
			
No.	Rel Ampl	Azimuth  [deg]	Absolute Ampl
1L	-7.07	-140.00	-76.48
2L	-6.26	-150.00	-75.67
3L	-6.35	-160.00	-75.75
1R	-1.88	-90.00	-71.29
2R	-0.67	-80.00	-70.07
3R	-2.80	-65.00	-72.21
		 	
File Name:	uwb_dipole.rff		
			
Polarizat.	0.000	Phase	
Frequency	4.500 G	 [GHz]	
Roll  	80.000	[deg]	
Ch.	Channel1		
Beam			
Switch			
Dir	0.00	dBi	
Azimuth  [deg]	Amplitude (dB)	Phase [Deg]	
-180.0000	-74.7376	-51.3824	
-175.0000	-76.8220	-48.6037	
-170.0000	-81.9437	-42.8602	
-165.0000	-81.0056	-3.4507	
-160.0000	-77.2720	-2.6503	
-155.0000	-80.3828	11.7391	
-150.0000	-77.7664	1.3551	
-145.0000	-85.6830	-34.8220	
-140.0000	-80.2912	-54.7418	
-135.0000	-80.8836	-63.0384	
-130.0000	-78.7318	-61.3237	
-125.0000	-78.2064	-37.6574	
-120.0000	-75.9263	-25.9190	
-115.0000	-74.8776	-14.9459	
-110.0000	-74.0495	-23.2767	
-105.0000	-76.0877	-44.4747	
-100.0000	-72.9153	-8.6866	
-95.0000	-70.1948	-21.5237	
-90.0000	-72.3519	-2.0239	
-85.0000	-76.2501	4.6879	
-80.0000	-72.0142	12.3951	
-75.0000	-78.5901	10.2831	
-70.0000	-74.8391	35.6487	
-65.0000	-77.0726	45.4652	
-60.0000	-75.7180	34.1317	
-55.0000	-75.9102	39.8977	
-50.0000	-76.7303	52.7723	
-45.0000	-80.0361	50.4481	
-40.0000	-76.4592	64.6915	
-35.0000	-78.5490	62.2741	
-30.0000	-83.9746	73.8561	
-25.0000	-79.4991	110.3762	
-20.0000	-77.5646	111.1888	
-15.0000	-81.7067	106.6876	
-10.0000	-80.6747	153.2682	
-5.0000	-78.9797	157.4454	
0.0000	-78.2232	166.5456	
5.0000	-78.1711	170.6437	
10.0000	-77.4923	-174.7101	
15.0000	-77.3775	179.3371	
20.0000	-79.2353	162.4399	
25.0000	-77.5352	163.7080	
30.0000	-77.0739	-164.7758	
35.0000	-77.9132	-165.0170	
40.0000	-75.4532	-152.4802	
45.0000	-78.1799	-152.7068	
50.0000	-78.3328	-150.8463	
55.0000	-75.0349	-146.8261	
60.0000	-76.4070	-160.1732	
65.0000	-75.4990	-159.4813	
70.0000	-76.4841	-145.4832	
75.0000	-77.5607	-148.9942	
80.0000	-74.2514	-174.8237	
85.0000	-72.9713	-175.5512	
90.0000	-77.4219	161.7909	
95.0000	-75.0753	164.8350	
100.0000	-77.2452	177.4388	
105.0000	-79.3167	174.9438	
110.0000	-77.9302	139.6901	
115.0000	-76.5038	132.7502	
120.0000	-84.5443	139.9200	
125.0000	-77.7540	139.6704	
130.0000	-76.6906	100.1777	
135.0000	-78.0143	59.5103	
140.0000	-87.6986	78.0852	
145.0000	-79.5097	79.7500	
150.0000	-78.5671	30.0566	
155.0000	-81.1289	54.2419	
160.0000	-80.7693	13.7485	
165.0000	-79.3390	10.1034	
170.0000	-82.9004	-15.6755	
175.0000	-76.4234	-52.3112	
180.0000	-74.5504	-52.1671	
			
			
			
[Side Lobes Table]
			
No.	Rel Ampl	Azimuth  [deg]	Absolute Ampl
1L	-3.85	-110.00	-74.05
2L	-10.10	-140.00	-80.29
3L	-7.57	-150.00	-77.77
1R	-1.82	-80.00	-72.01
2R	-4.64	-70.00	-74.84
3R	-5.52	-60.00	-75.72
		 	
File Name:	uwb_dipole.rff		
			
Polarizat.	0.000	Phase	
Frequency	4.500 G	 [GHz]	
Roll  	85.000	[deg]	
Ch.	Channel1		
Beam			
Switch			
Dir	0.00	dBi	
Azimuth  [deg]	Amplitude (dB)	Phase [Deg]	
-180.0000	-79.0312	-57.2066	
-175.0000	-79.9340	-47.5800	
-170.0000	-85.2043	-51.1508	
-165.0000	-86.1632	-23.4784	
-160.0000	-79.2681	20.1076	
-155.0000	-80.6109	31.8137	
-150.0000	-79.1131	53.6114	
-145.0000	-88.4162	11.6050	
-140.0000	-88.5338	33.3354	
-135.0000	-90.2396	-73.4488	
-130.0000	-85.2647	-54.9631	
-125.0000	-85.2940	-39.6275	
-120.0000	-80.7481	-13.1078	
-115.0000	-77.1056	-21.0797	
-110.0000	-77.4602	-43.5716	
-105.0000	-77.9439	-50.5531	
-100.0000	-83.2882	46.2932	
-95.0000	-73.2765	12.4607	
-90.0000	-76.3927	-17.5841	
-85.0000	-75.2147	-13.9267	
-80.0000	-78.3315	41.5565	
-75.0000	-79.4184	-10.9642	
-70.0000	-85.3475	81.6611	
-65.0000	-81.4872	-3.5522	
-60.0000	-77.5455	35.2868	
-55.0000	-82.4258	55.8025	
-50.0000	-82.3785	40.9458	
-45.0000	-84.2590	31.8909	
-40.0000	-81.9339	74.1239	
-35.0000	-84.5829	58.4785	
-30.0000	-86.6993	46.1800	
-25.0000	-89.8284	108.0787	
-20.0000	-82.9898	131.2935	
-15.0000	-82.4339	100.2663	
-10.0000	-90.5429	164.2748	
-5.0000	-83.8363	161.9028	
0.0000	-83.3539	169.7577	
5.0000	-83.4123	177.1217	
10.0000	-82.3128	-167.9833	
15.0000	-82.1328	-164.0361	
20.0000	-85.8209	175.1851	
25.0000	-87.0720	125.8111	
30.0000	-83.0763	-179.5275	
35.0000	-83.0647	-152.6135	
40.0000	-81.5353	-161.2910	
45.0000	-81.5797	-129.3647	
50.0000	-82.9176	-138.8872	
55.0000	-81.3610	-157.4192	
60.0000	-83.6603	-145.3127	
65.0000	-81.5192	-147.2086	
70.0000	-78.9046	-143.4952	
75.0000	-82.7062	-129.9756	
80.0000	-86.0672	-143.5263	
85.0000	-79.4940	-158.4284	
90.0000	-79.2844	-146.5784	
95.0000	-75.7750	175.3135	
100.0000	-78.4308	178.4570	
105.0000	-80.7841	148.4400	
110.0000	-84.8320	92.7127	
115.0000	-80.8099	94.1489	
120.0000	-86.3107	159.1175	
125.0000	-81.6300	81.0306	
130.0000	-89.2055	34.9457	
135.0000	-89.8689	-65.0360	
140.0000	-81.6137	127.5477	
145.0000	-85.2855	56.1509	
150.0000	-93.6697	-11.4952	
155.0000	-84.7197	73.9628	
160.0000	-91.5657	-4.9212	
165.0000	-89.5258	20.4489	
170.0000	-93.8627	-22.6371	
175.0000	-82.6685	-74.3174	
180.0000	-78.8342	-59.8335	
			
			
			
[Side Lobes Table]
			
No.	Rel Ampl	Azimuth  [deg]	Absolute Ampl
1L	-3.83	-115.00	-77.11
2L	-11.99	-130.00	-85.26
3L	-5.84	-150.00	-79.11
1R	-1.94	-85.00	-75.21
2R	-4.27	-60.00	-77.55
3R	-9.10	-50.00	-82.38
		 	
File Name:	uwb_dipole.rff		
			
Polarizat.	0.000	Phase	
Frequency	4.500 G	 [GHz]	
Roll  	90.000	[deg]	
Ch.	Channel1		
Beam			
Switch			
Dir	0.00	dBi	
Azimuth  [deg]	Amplitude (dB)	Phase [Deg]	
-180.0000	-87.3628	-66.9445	
-175.0000	-96.4569	-33.7290	
-170.0000	-90.1638	-99.1619	
-165.0000	-87.2561	35.6661	
-160.0000	-77.6566	52.6508	
-155.0000	-80.2129	81.6780	
-150.0000	-79.9007	68.3844	
-145.0000	-85.3323	103.3492	
-140.0000	-84.5653	41.2494	
-135.0000	-84.9743	67.1238	
-130.0000	-87.9390	37.1903	
-125.0000	-82.0865	50.5401	
-120.0000	-80.7074	39.5078	
-115.0000	-78.4830	-24.7548	
-110.0000	-82.5702	-94.6272	
-105.0000	-78.2116	-118.9920	
-100.0000	-93.6354	-176.8556	
-95.0000	-77.6910	-5.9859	
-90.0000	-80.6498	14.6344	
-85.0000	-82.1420	-23.0973	
-80.0000	-82.5665	35.1473	
-75.0000	-82.3582	-118.4016	
-70.0000	-85.4300	80.8602	
-65.0000	-88.9577	-146.7048	
-60.0000	-85.4659	-22.5068	
-55.0000	-91.7329	113.2617	
-50.0000	-92.9748	-28.9624	
-45.0000	-103.1745	-119.7948	
-40.0000	-94.5197	23.4711	
-35.0000	-115.2087	6.4606	
-30.0000	-91.3232	-84.6335	
-25.0000	-89.9696	-126.0769	
-20.0000	-84.9287	148.8406	
-15.0000	-94.0964	-2.7121	
-10.0000	-88.7757	-139.0972	
-5.0000	-95.4747	-129.9500	
0.0000	-92.8878	-152.1869	
5.0000	-96.3788	-125.8620	
10.0000	-86.1230	-110.5912	
15.0000	-92.7654	-119.5427	
20.0000	-86.3391	7.7029	
25.0000	-86.9584	33.6322	
30.0000	-94.8754	-75.5250	
35.0000	-90.9444	-73.3139	
40.0000	-88.1607	-118.9315	
45.0000	-89.0639	-52.0143	
50.0000	-90.5795	-26.4413	
55.0000	-90.4765	-52.7633	
60.0000	-90.8843	-137.4407	
65.0000	-93.8419	121.7716	
70.0000	-87.9681	-65.6450	
75.0000	-84.5879	-61.2556	
80.0000	-89.5773	-61.0766	
85.0000	-85.5666	-133.9762	
90.0000	-95.6864	-169.9146	
95.0000	-83.4966	-141.3254	
100.0000	-82.6388	-41.2078	
105.0000	-84.9133	-68.4640	
110.0000	-85.6281	-25.7167	
115.0000	-86.2369	168.8607	
120.0000	-85.6789	-83.8900	
125.0000	-87.3784	-159.6278	
130.0000	-90.3739	135.6226	
135.0000	-83.0342	-9.2420	
140.0000	-81.4608	-113.5389	
145.0000	-87.2787	176.9831	
150.0000	-97.7303	-29.5074	
155.0000	-82.4485	-160.5392	
160.0000	-91.9392	-151.5159	
165.0000	-86.4264	-170.7860	
170.0000	-84.1656	-149.7194	
175.0000	-84.7601	-105.6438	
180.0000	-87.2739	-68.2764	
			
			
			
[Side Lobes Table]
			
No.	Rel Ampl	Azimuth  [deg]	Absolute Ampl
1R	-2.24	-150.00	-79.90
2R	-6.91	-140.00	-84.57
3R	-0.83	-115.00	-78.48
		 	
File Name:	uwb_dipole.rff		
			
Polarizat.	0.000	Phase	
Frequency	4.500 G	 [GHz]	
Roll  	95.000	[deg]	
Ch.	Channel1		
Beam			
Switch			
Dir	0.00	dBi	
Azimuth  [deg]	Amplitude (dB)	Phase [Deg]	
-180.0000	-87.2825	-166.7089	
-175.0000	-88.7647	107.0257	
-170.0000	-89.0055	168.7107	
-165.0000	-97.8902	-106.7332	
-160.0000	-77.7725	78.2200	
-155.0000	-77.6698	89.3581	
-150.0000	-76.8348	107.1637	
-145.0000	-83.7924	87.9710	
-140.0000	-76.8623	78.9568	
-135.0000	-78.9427	83.5815	
-130.0000	-77.8814	77.3975	
-125.0000	-77.9726	94.0839	
-120.0000	-79.1048	92.0819	
-115.0000	-77.7832	53.6906	
-110.0000	-90.6898	-83.8152	
-105.0000	-85.0506	-112.8611	
-100.0000	-79.4589	-151.4874	
-95.0000	-82.8250	161.2115	
-90.0000	-85.9053	-121.3428	
-85.0000	-91.9211	33.9672	
-80.0000	-86.6014	134.9826	
-75.0000	-80.3095	-126.1970	
-70.0000	-76.1528	-161.6401	
-65.0000	-82.3479	-118.1945	
-60.0000	-94.9652	-147.8023	
-55.0000	-80.1635	-136.6666	
-50.0000	-84.7706	-116.9945	
-45.0000	-81.6227	-117.5752	
-40.0000	-86.9385	-101.7405	
-35.0000	-83.3745	-113.6931	
-30.0000	-82.8384	-96.4896	
-25.0000	-82.6703	-96.3066	
-20.0000	-82.9006	-120.3953	
-15.0000	-93.2538	-58.0288	
-10.0000	-83.0872	-78.5470	
-5.0000	-88.6629	-55.4043	
0.0000	-85.5074	-52.1056	
5.0000	-85.7440	-35.9568	
10.0000	-83.5975	-47.2568	
15.0000	-84.1519	-40.9318	
20.0000	-81.1197	-7.5784	
25.0000	-77.7647	5.1532	
30.0000	-81.4901	4.7631	
35.0000	-82.9645	-18.7817	
40.0000	-83.4951	-7.3989	
45.0000	-81.5190	-23.3014	
50.0000	-80.7387	-4.5031	
55.0000	-80.0680	1.1648	
60.0000	-80.5677	27.6837	
65.0000	-78.7986	12.8177	
70.0000	-83.4486	-13.2760	
75.0000	-78.3713	-8.1738	
80.0000	-76.2551	-26.4051	
85.0000	-79.9111	-47.2574	
90.0000	-81.4711	-69.9244	
95.0000	-86.3470	-125.9231	
100.0000	-80.5590	-64.4683	
105.0000	-81.9886	-7.7998	
110.0000	-78.8255	-11.2252	
115.0000	-80.3445	24.7715	
120.0000	-79.6824	-57.6919	
125.0000	-80.1154	-36.3890	
130.0000	-80.6480	-66.0804	
135.0000	-76.9419	-83.2790	
140.0000	-81.3392	-159.4191	
145.0000	-83.8693	-110.7093	
150.0000	-79.6449	-118.6018	
155.0000	-77.9986	-168.9481	
160.0000	-79.6539	-140.6190	
165.0000	-78.4989	-174.4740	
170.0000	-78.7732	-167.1414	
175.0000	-80.6300	-160.7641	
180.0000	-87.4371	-171.1835	
			
			
			
[Side Lobes Table]
			
No.	Rel Ampl	Azimuth  [deg]	Absolute Ampl
1L	-3.31	-100.00	-79.46
2L	-1.63	-115.00	-77.78
3L	-1.73	-130.00	-77.88
1R	-4.01	-55.00	-80.16
2R	-5.47	-45.00	-81.62
3R	-6.52	-25.00	-82.67
		 	
File Name:	uwb_dipole.rff		
			
Polarizat.	0.000	Phase	
Frequency	4.500 G	 [GHz]	
Roll  	100.000	[deg]	
Ch.	Channel1		
Beam			
Switch			
Dir	0.00	dBi	
Azimuth  [deg]	Amplitude (dB)	Phase [Deg]	
-180.0000	-80.7584	147.6056	
-175.0000	-80.7397	123.6134	
-170.0000	-86.3181	-173.5829	
-165.0000	-83.7839	123.0098	
-160.0000	-73.9232	93.6172	
-155.0000	-75.9449	116.5593	
-150.0000	-76.3071	99.7303	
-145.0000	-77.9491	102.3092	
-140.0000	-74.8306	76.7437	
-135.0000	-73.7064	93.2895	
-130.0000	-74.2916	100.7033	
-125.0000	-72.8775	108.3938	
-120.0000	-70.5468	118.9144	
-115.0000	-76.0824	94.0381	
-110.0000	-81.2879	154.9061	
-105.0000	-78.0356	-152.1497	
-100.0000	-76.9518	-147.4526	
-95.0000	-81.5919	-141.7173	
-90.0000	-76.9365	-154.6504	
-85.0000	-80.0467	176.9371	
-80.0000	-82.5520	-158.1875	
-75.0000	-75.3605	-140.0731	
-70.0000	-74.8654	-157.5640	
-65.0000	-75.9046	-137.7257	
-60.0000	-77.8375	-118.8771	
-55.0000	-77.5127	-135.8627	
-50.0000	-76.7429	-117.4739	
-45.0000	-78.0894	-120.1894	
-40.0000	-77.4630	-106.9386	
-35.0000	-78.7619	-103.9187	
-30.0000	-78.1926	-99.5326	
-25.0000	-77.8744	-90.3192	
-20.0000	-80.6738	-109.6607	
-15.0000	-79.7958	-58.1372	
-10.0000	-80.8367	-65.2575	
-5.0000	-79.4860	-42.6237	
0.0000	-80.1018	-37.0264	
5.0000	-78.6807	-27.0915	
10.0000	-77.4407	-29.9654	
15.0000	-77.7174	-18.8216	
20.0000	-74.9037	-6.7674	
25.0000	-74.6474	5.0340	
30.0000	-77.0300	0.5923	
35.0000	-76.4714	-6.6774	
40.0000	-77.2700	-2.8709	
45.0000	-75.3331	-1.3284	
50.0000	-75.1711	6.6300	
55.0000	-73.4761	9.9023	
60.0000	-77.7614	9.7467	
65.0000	-76.0694	30.3138	
70.0000	-74.5521	-6.0972	
75.0000	-73.5514	-7.5390	
80.0000	-73.8597	-8.0877	
85.0000	-75.2150	-28.8682	
90.0000	-77.1423	-28.4510	
95.0000	-77.1639	-51.8779	
100.0000	-72.0403	-36.5303	
105.0000	-73.2194	-38.1862	
110.0000	-74.0889	-45.8100	
115.0000	-80.9209	-83.9458	
120.0000	-76.0866	-72.8318	
125.0000	-79.1783	-79.6602	
130.0000	-78.5288	-103.9334	
135.0000	-79.0538	-66.0317	
140.0000	-74.4604	-117.4097	
145.0000	-75.9884	-136.2516	
150.0000	-79.2006	-145.9592	
155.0000	-73.1054	-150.9448	
160.0000	-76.4787	-167.9293	
165.0000	-73.6897	-170.3104	
170.0000	-75.8104	-165.9483	
175.0000	-78.6309	175.5476	
180.0000	-81.1245	143.0123	
			
			
			
[Side Lobes Table]
			
No.	Rel Ampl	Azimuth  [deg]	Absolute Ampl
1L	-3.16	-135.00	-73.71
2L	-3.38	-160.00	-73.92
3L	-10.19	-175.00	-80.74
1R	-6.41	-100.00	-76.95
2R	-6.39	-90.00	-76.94
3R	-4.32	-70.00	-74.87
		 	
File Name:	uwb_dipole.rff		
			
Polarizat.	0.000	Phase	
Frequency	4.500 G	 [GHz]	
Roll  	105.000	[deg]	
Ch.	Channel1		
Beam			
Switch			
Dir	0.00	dBi	
Azimuth  [deg]	Amplitude (dB)	Phase [Deg]	
-180.0000	-76.0274	148.8769	
-175.0000	-76.0029	127.8085	
-170.0000	-80.1525	149.4670	
-165.0000	-83.5526	178.1388	
-160.0000	-73.8236	110.6480	
-155.0000	-74.1680	109.1135	
-150.0000	-73.6240	121.2400	
-145.0000	-78.1901	96.8300	
-140.0000	-72.5741	89.9663	
-135.0000	-72.8393	101.7973	
-130.0000	-71.3406	108.3061	
-125.0000	-69.4949	123.1392	
-120.0000	-69.4008	131.1380	
-115.0000	-68.9953	107.2522	
-110.0000	-75.3575	128.6511	
-105.0000	-74.7697	161.5711	
-100.0000	-76.1318	168.2751	
-95.0000	-75.5770	-166.9569	
-90.0000	-74.0026	-139.6178	
-85.0000	-73.0517	-173.5300	
-80.0000	-74.5666	-176.9460	
-75.0000	-73.3402	-153.3604	
-70.0000	-70.6446	-140.7591	
-65.0000	-74.0240	-143.5633	
-60.0000	-74.2735	-137.3406	
-55.0000	-73.0354	-132.7603	
-50.0000	-74.0391	-120.8195	
-45.0000	-73.9242	-123.9002	
-40.0000	-75.1971	-105.4126	
-35.0000	-74.8823	-111.5507	
-30.0000	-74.7974	-100.8647	
-25.0000	-76.3917	-87.9553	
-20.0000	-75.0492	-95.5999	
-15.0000	-78.7604	-70.7513	
-10.0000	-76.6385	-63.6080	
-5.0000	-77.5317	-39.6762	
0.0000	-76.0210	-33.8907	
5.0000	-76.0502	-23.3996	
10.0000	-74.9093	-23.3358	
15.0000	-74.4365	-21.4427	
20.0000	-73.2981	-13.4883	
25.0000	-71.8970	-1.3346	
30.0000	-72.7529	4.3329	
35.0000	-73.5154	-2.8153	
40.0000	-72.7655	-0.3329	
45.0000	-72.7710	-3.6309	
50.0000	-72.2628	4.7890	
55.0000	-71.5331	4.5926	
60.0000	-72.4749	23.1512	
65.0000	-71.1218	12.8531	
70.0000	-73.3260	-6.7014	
75.0000	-70.1335	-3.9980	
80.0000	-70.1189	-14.3672	
85.0000	-72.6840	-33.1446	
90.0000	-73.5098	-37.1831	
95.0000	-77.2710	-36.3873	
100.0000	-72.0825	-45.4283	
105.0000	-72.8701	-28.3532	
110.0000	-73.1760	-27.9170	
115.0000	-76.2293	-17.9021	
120.0000	-72.7224	-53.0126	
125.0000	-72.8956	-61.4935	
130.0000	-74.2249	-86.5769	
135.0000	-72.6151	-90.9256	
140.0000	-74.4267	-130.0469	
145.0000	-74.7053	-125.6083	
150.0000	-74.0161	-128.1147	
155.0000	-71.2406	-158.0883	
160.0000	-73.7626	-151.6270	
165.0000	-71.3730	-174.4745	
170.0000	-72.2187	-168.2559	
175.0000	-74.9148	177.1474	
180.0000	-76.1480	150.5899	
			
			
			
[Side Lobes Table]
			
No.	Rel Ampl	Azimuth  [deg]	Absolute Ampl
1L	-3.58	-140.00	-72.57
2L	-4.63	-150.00	-73.62
3L	-4.83	-160.00	-73.82
1R	-5.77	-105.00	-74.77
2R	-4.06	-85.00	-73.05
3R	-1.65	-70.00	-70.64
		 	
File Name:	uwb_dipole.rff		
			
Polarizat.	0.000	Phase	
Frequency	4.500 G	 [GHz]	
Roll  	110.000	[deg]	
Ch.	Channel1		
Beam			
Switch			
Dir	0.00	dBi	
Azimuth  [deg]	Amplitude (dB)	Phase [Deg]	
-180.0000	-73.1931	138.3112	
-175.0000	-73.8921	129.5639	
-170.0000	-79.5014	168.0640	
-165.0000	-77.0030	151.3821	
-160.0000	-71.4149	111.3981	
-155.0000	-73.9316	126.1537	
-150.0000	-73.0871	106.7005	
-145.0000	-74.6549	110.4139	
-140.0000	-71.8423	96.6275	
-135.0000	-70.1434	115.9650	
-130.0000	-69.1583	123.8960	
-125.0000	-67.4025	121.0655	
-120.0000	-65.9662	128.2065	
-115.0000	-70.6454	125.9695	
-110.0000	-70.8307	158.9573	
-105.0000	-71.0936	159.3732	
-100.0000	-75.4303	-172.1337	
-95.0000	-74.1696	-165.1808	
-90.0000	-70.7072	-146.4110	
-85.0000	-70.9742	-170.2250	
-80.0000	-71.9501	-163.5454	
-75.0000	-71.4619	-148.4792	
-70.0000	-69.3774	-147.5765	
-65.0000	-70.7032	-132.8942	
-60.0000	-72.1152	-128.7687	
-55.0000	-71.4485	-132.2562	
-50.0000	-70.8425	-118.3659	
-45.0000	-73.0576	-119.8083	
-40.0000	-72.1274	-108.3194	
-35.0000	-72.9093	-100.9089	
-30.0000	-73.8530	-99.7907	
-25.0000	-72.8013	-79.7138	
-20.0000	-75.1066	-90.1612	
-15.0000	-74.7243	-61.4060	
-10.0000	-75.8057	-52.1621	
-5.0000	-73.8845	-32.4213	
0.0000	-73.6931	-26.9851	
5.0000	-72.9084	-18.4239	
10.0000	-71.9765	-21.7887	
15.0000	-71.7533	-17.8216	
20.0000	-70.3475	-9.3603	
25.0000	-69.8364	0.7151	
30.0000	-71.1559	2.9350	
35.0000	-70.7438	-3.9429	
40.0000	-70.9536	0.7154	
45.0000	-70.0792	1.5557	
50.0000	-70.3890	6.1855	
55.0000	-68.7643	8.8982	
60.0000	-71.9819	-1.0054	
65.0000	-71.2307	13.1789	
70.0000	-69.0555	-6.6853	
75.0000	-68.7314	-3.3169	
80.0000	-69.3906	-8.5838	
85.0000	-69.0027	-28.6936	
90.0000	-70.4650	-30.1722	
95.0000	-71.1732	-49.4307	
100.0000	-68.3261	-34.7263	
105.0000	-68.9860	-42.8158	
110.0000	-70.1307	-51.3034	
115.0000	-71.9485	-83.8202	
120.0000	-72.4534	-78.3911	
125.0000	-74.2527	-79.8967	
130.0000	-72.4149	-98.9378	
135.0000	-74.4543	-98.6626	
140.0000	-70.8918	-120.0931	
145.0000	-71.0739	-134.6023	
150.0000	-72.8925	-153.8260	
155.0000	-69.3278	-147.8611	
160.0000	-71.3355	-170.4648	
165.0000	-69.1496	-171.5523	
170.0000	-71.5963	-172.6069	
175.0000	-72.9680	160.0718	
180.0000	-73.2498	136.1604	
			
			
			
[Side Lobes Table]
			
No.	Rel Ampl	Azimuth  [deg]	Absolute Ampl
1L	-7.12	-150.00	-73.09
2L	-5.45	-160.00	-71.41
1R	-4.74	-90.00	-70.71
2R	-3.41	-70.00	-69.38
3R	-4.88	-50.00	-70.84
		 	
File Name:	uwb_dipole.rff		
			
Polarizat.	0.000	Phase	
Frequency	4.500 G	 [GHz]	
Roll  	115.000	[deg]	
Ch.	Channel1		
Beam			
Switch			
Dir	0.00	dBi	
Azimuth  [deg]	Amplitude (dB)	Phase [Deg]	
-180.0000	-71.1654	144.1019	
-175.0000	-71.0469	128.2372	
-170.0000	-76.0264	147.4922	
-165.0000	-76.9542	175.3409	
-160.0000	-71.2419	131.5126	
-155.0000	-73.7184	117.4431	
-150.0000	-72.0670	124.9761	
-145.0000	-74.7595	100.8746	
-140.0000	-70.4689	106.5320	
-135.0000	-70.7384	119.0443	
-130.0000	-68.6637	121.8544	
-125.0000	-66.6505	127.4447	
-120.0000	-67.8879	134.9115	
-115.0000	-68.8085	124.5392	
-110.0000	-68.9545	146.7230	
-105.0000	-68.1779	148.7945	
-100.0000	-71.1280	165.2164	
-95.0000	-70.3981	-178.5739	
-90.0000	-72.9434	-146.2523	
-85.0000	-68.3737	-169.8973	
-80.0000	-69.2805	-166.3558	
-75.0000	-68.7121	-158.9595	
-70.0000	-67.8722	-141.5274	
-65.0000	-69.7821	-139.0673	
-60.0000	-70.4559	-138.0746	
-55.0000	-68.9948	-131.1863	
-50.0000	-70.3036	-115.2134	
-45.0000	-70.5710	-125.4352	
-40.0000	-70.7344	-105.7581	
-35.0000	-71.8526	-107.3416	
-30.0000	-71.2799	-102.3882	
-25.0000	-73.0212	-80.7534	
-20.0000	-71.5732	-87.1900	
-15.0000	-73.7782	-69.2018	
-10.0000	-73.4192	-56.8352	
-5.0000	-72.9719	-31.5184	
0.0000	-71.4922	-28.2989	
5.0000	-71.4118	-22.2709	
10.0000	-70.7107	-19.4138	
15.0000	-70.0079	-20.0548	
20.0000	-69.3518	-14.3619	
25.0000	-68.5783	-6.1009	
30.0000	-68.8597	0.3223	
35.0000	-69.4123	-3.0263	
40.0000	-68.9010	-1.9398	
45.0000	-68.9789	-2.9428	
50.0000	-68.7987	3.8002	
55.0000	-68.3178	0.3779	
60.0000	-69.8976	12.2036	
65.0000	-68.0040	2.0858	
70.0000	-68.6673	-10.5997	
75.0000	-66.8734	-4.0623	
80.0000	-67.7234	-16.7661	
85.0000	-68.2312	-33.3141	
90.0000	-69.5769	-32.9042	
95.0000	-71.4517	-38.1044	
100.0000	-68.2975	-43.0131	
105.0000	-69.1801	-41.2108	
110.0000	-70.8746	-38.8602	
115.0000	-73.0150	-41.1798	
120.0000	-69.6349	-61.0297	
125.0000	-69.6895	-74.7370	
130.0000	-70.1169	-97.4678	
135.0000	-70.6239	-103.8796	
140.0000	-70.4890	-127.0303	
145.0000	-70.0872	-134.3983	
150.0000	-70.6464	-136.8203	
155.0000	-67.7509	-156.0005	
160.0000	-70.2191	-159.0958	
165.0000	-67.7458	-175.2302	
170.0000	-68.8742	-170.5695	
175.0000	-71.2096	167.4723	
180.0000	-71.0042	143.8766	
			
			
			
[Side Lobes Table]
			
No.	Rel Ampl	Azimuth  [deg]	Absolute Ampl
1L	-3.82	-140.00	-70.47
2L	-5.42	-150.00	-72.07
3L	-4.59	-160.00	-71.24
1R	-1.53	-105.00	-68.18
2R	-3.75	-95.00	-70.40
3R	-1.72	-85.00	-68.37
		 	
File Name:	uwb_dipole.rff		
			
Polarizat.	0.000	Phase	
Frequency	4.500 G	 [GHz]	
Roll  	120.000	[deg]	
Ch.	Channel1		
Beam			
Switch			
Dir	0.00	dBi	
Azimuth  [deg]	Amplitude (dB)	Phase [Deg]	
-180.0000	-69.2529	136.5766	
-175.0000	-70.5055	132.1517	
-170.0000	-75.8180	163.4631	
-165.0000	-72.1204	162.0943	
-160.0000	-70.4191	128.0187	
-155.0000	-74.4941	145.2408	
-150.0000	-72.3524	111.5956	
-145.0000	-74.1124	127.0598	
-140.0000	-70.8355	116.1121	
-135.0000	-69.1316	131.3790	
-130.0000	-68.3739	132.4418	
-125.0000	-67.3772	125.0756	
-120.0000	-65.9437	140.2246	
-115.0000	-67.1736	147.0974	
-110.0000	-67.5604	157.3589	
-105.0000	-69.2991	167.8785	
-100.0000	-68.7093	169.5909	
-95.0000	-71.4325	-179.8213	
-90.0000	-67.4866	-153.1756	
-85.0000	-68.8527	-162.4099	
-80.0000	-67.4620	-162.2901	
-75.0000	-68.1068	-147.5751	
-70.0000	-67.3637	-146.0076	
-65.0000	-67.8296	-135.6819	
-60.0000	-68.6403	-125.5414	
-55.0000	-69.6640	-133.4008	
-50.0000	-67.5479	-117.9092	
-45.0000	-70.6069	-112.4976	
-40.0000	-69.6138	-109.7991	
-35.0000	-69.8693	-95.7320	
-30.0000	-72.2386	-96.3864	
-25.0000	-69.7949	-74.0320	
-20.0000	-71.9177	-80.3634	
-15.0000	-71.7405	-59.0402	
-10.0000	-72.5586	-43.6341	
-5.0000	-70.4148	-29.7037	
0.0000	-70.3114	-25.4916	
5.0000	-69.7574	-18.9654	
10.0000	-68.8046	-18.6576	
15.0000	-68.4965	-19.0555	
20.0000	-67.6938	-13.7494	
25.0000	-67.2801	-4.5937	
30.0000	-68.0155	-2.7159	
35.0000	-67.5993	-7.4499	
40.0000	-67.8709	-3.0362	
45.0000	-67.4419	-4.5972	
50.0000	-68.1934	-1.2453	
55.0000	-66.6648	0.6120	
60.0000	-68.9817	-12.1335	
65.0000	-68.4655	-0.9535	
70.0000	-66.6983	-7.7880	
75.0000	-66.8533	-7.3796	
80.0000	-66.7518	-18.7586	
85.0000	-65.8289	-30.3477	
90.0000	-67.1093	-38.7311	
95.0000	-68.0144	-50.8655	
100.0000	-66.8529	-45.6653	
105.0000	-66.8217	-44.1472	
110.0000	-67.6079	-66.9894	
115.0000	-68.9158	-90.1668	
120.0000	-70.2914	-90.6018	
125.0000	-70.9343	-94.1044	
130.0000	-69.8247	-104.1032	
135.0000	-70.2012	-117.6676	
140.0000	-68.6585	-130.1623	
145.0000	-68.0321	-136.7014	
150.0000	-68.4497	-157.2020	
155.0000	-67.0134	-149.3115	
160.0000	-68.1357	-172.8444	
165.0000	-66.3048	-171.7975	
170.0000	-69.0899	-176.5447	
175.0000	-69.6690	155.5377	
180.0000	-69.2505	136.0680	
			
			
			
[Side Lobes Table]
			
No.	Rel Ampl	Azimuth  [deg]	Absolute Ampl
1L	-0.87	70.00	-66.70
2L	-0.84	55.00	-66.66
3L	-1.61	45.00	-67.44
1R	-0.99	105.00	-66.82
2R	-4.00	130.00	-69.82
3R	-2.20	145.00	-68.03
		 	
File Name:	uwb_dipole.rff		
			
Polarizat.	0.000	Phase	
Frequency	4.500 G	 [GHz]	
Roll  	125.000	[deg]	
Ch.	Channel1		
Beam			
Switch			
Dir	0.00	dBi	
Azimuth  [deg]	Amplitude (dB)	Phase [Deg]	
-180.0000	-68.1206	140.6961	
-175.0000	-68.0541	130.6031	
-170.0000	-72.5064	144.6536	
-165.0000	-72.5694	174.8621	
-160.0000	-68.7143	146.7064	
-155.0000	-73.4977	143.1800	
-150.0000	-71.4893	147.7887	
-145.0000	-76.5686	129.2879	
-140.0000	-69.6958	134.5973	
-135.0000	-69.4011	143.6051	
-130.0000	-67.7731	138.1963	
-125.0000	-66.3745	136.5447	
-120.0000	-67.5995	150.4621	
-115.0000	-67.4878	142.7073	
-110.0000	-67.8825	149.7997	
-105.0000	-66.9133	159.2600	
-100.0000	-66.2187	172.7005	
-95.0000	-68.9807	176.6826	
-90.0000	-69.3470	-165.1559	
-85.0000	-67.7295	-168.9974	
-80.0000	-65.9725	-166.6544	
-75.0000	-66.7745	-150.3669	
-70.0000	-66.2399	-146.3591	
-65.0000	-66.9770	-138.6377	
-60.0000	-68.7396	-129.9910	
-55.0000	-67.3863	-137.5824	
-50.0000	-67.4266	-111.0130	
-45.0000	-69.5903	-120.8815	
-40.0000	-68.2405	-110.3145	
-35.0000	-69.8842	-95.6789	
-30.0000	-69.9316	-100.4038	
-25.0000	-70.0066	-70.6894	
-20.0000	-69.3255	-78.9346	
-15.0000	-70.7343	-63.4101	
-10.0000	-71.4366	-49.6753	
-5.0000	-69.8261	-28.5497	
0.0000	-68.7564	-27.1807	
5.0000	-68.6595	-19.2500	
10.0000	-67.9832	-16.5522	
15.0000	-67.4063	-18.6090	
20.0000	-66.9886	-19.0162	
25.0000	-66.3844	-11.5557	
30.0000	-66.5445	-5.3657	
35.0000	-66.9065	-8.3461	
40.0000	-66.3541	-7.7275	
45.0000	-66.7290	-9.7147	
50.0000	-66.9019	-4.7333	
55.0000	-66.2831	-9.1601	
60.0000	-68.1559	-2.8678	
65.0000	-66.0540	-7.1774	
70.0000	-66.1318	-15.8608	
75.0000	-65.7453	-11.4898	
80.0000	-66.0787	-26.6607	
85.0000	-66.0179	-39.0889	
90.0000	-67.3549	-42.4132	
95.0000	-68.4815	-45.6810	
100.0000	-66.1985	-50.1120	
105.0000	-67.0757	-50.4305	
110.0000	-70.3508	-65.4801	
115.0000	-71.8199	-60.8009	
120.0000	-67.9773	-74.6327	
125.0000	-67.8012	-92.0408	
130.0000	-67.8609	-107.7008	
135.0000	-68.1619	-120.0662	
140.0000	-68.0221	-134.2013	
145.0000	-67.1373	-137.3454	
150.0000	-67.6562	-148.0867	
155.0000	-65.4721	-154.8128	
160.0000	-67.7692	-163.1251	
165.0000	-65.4232	-176.3769	
170.0000	-67.0276	-172.1838	
175.0000	-68.6962	162.3028	
180.0000	-68.1760	141.3620	
			
			
			
[Side Lobes Table]
			
No.	Rel Ampl	Azimuth  [deg]	Absolute Ampl
1L	-0.05	155.00	-65.47
2L	-1.71	145.00	-67.14
3L	-2.38	125.00	-67.80
		 	
File Name:	uwb_dipole.rff		
			
Polarizat.	0.000	Phase	
Frequency	4.500 G	 [GHz]	
Roll  	130.000	[deg]	
Ch.	Channel1		
Beam			
Switch			
Dir	0.00	dBi	
Azimuth  [deg]	Amplitude (dB)	Phase [Deg]	
-180.0000	-66.8082	134.5676	
-175.0000	-68.3850	132.3194	
-170.0000	-73.2422	162.0758	
-165.0000	-68.9316	166.4563	
-160.0000	-68.6454	143.7563	
-155.0000	-71.4395	178.1581	
-150.0000	-70.8017	142.7705	
-145.0000	-70.7365	162.9725	
-140.0000	-68.0270	139.4852	
-135.0000	-66.7143	144.5601	
-130.0000	-67.0571	142.0059	
-125.0000	-67.1541	132.6554	
-120.0000	-65.6595	150.7969	
-115.0000	-65.7914	156.8421	
-110.0000	-66.6472	167.5753	
-105.0000	-66.9162	172.9211	
-100.0000	-66.3590	165.6367	
-95.0000	-67.4615	176.9902	
-90.0000	-67.3112	-161.6863	
-85.0000	-66.7500	-162.0016	
-80.0000	-67.1316	-156.5061	
-75.0000	-65.4821	-149.9042	
-70.0000	-66.3933	-141.5235	
-65.0000	-67.3312	-141.8606	
-60.0000	-66.5460	-124.9493	
-55.0000	-69.0438	-122.0413	
-50.0000	-66.6654	-123.0624	
-45.0000	-68.3279	-104.0492	
-40.0000	-69.7079	-105.3122	
-35.0000	-68.0157	-93.0950	
-30.0000	-71.3856	-81.7509	
-25.0000	-68.1246	-71.1481	
-20.0000	-69.5258	-68.5844	
-15.0000	-69.8920	-55.8404	
-10.0000	-69.9944	-36.0111	
-5.0000	-68.1039	-27.2390	
0.0000	-67.9947	-22.8926	
5.0000	-67.4322	-16.4612	
10.0000	-66.8049	-17.0258	
15.0000	-66.4472	-19.4651	
20.0000	-65.7095	-18.4465	
25.0000	-65.4828	-11.8610	
30.0000	-65.9690	-8.7732	
35.0000	-65.7061	-11.0025	
40.0000	-65.8894	-9.1340	
45.0000	-65.7186	-12.1823	
50.0000	-66.8156	-11.2640	
55.0000	-65.5268	-7.2724	
60.0000	-66.2727	-23.9923	
65.0000	-66.6308	-14.0580	
70.0000	-65.7945	-14.4337	
75.0000	-65.9238	-18.8708	
80.0000	-65.0338	-28.1380	
85.0000	-64.4999	-35.1285	
90.0000	-65.4793	-51.2816	
95.0000	-65.6109	-62.6425	
100.0000	-66.0993	-53.2030	
105.0000	-66.3380	-59.2285	
110.0000	-65.5273	-77.1833	
115.0000	-66.8761	-106.0088	
120.0000	-69.0827	-102.5928	
125.0000	-68.3620	-107.7369	
130.0000	-67.7283	-120.0750	
135.0000	-67.6433	-128.2083	
140.0000	-66.2647	-137.4238	
145.0000	-66.1379	-145.6578	
150.0000	-65.7666	-158.2292	
155.0000	-65.3286	-152.8481	
160.0000	-66.2134	-175.0432	
165.0000	-64.5668	-171.4462	
170.0000	-67.6195	-179.6002	
175.0000	-67.4961	152.1927	
180.0000	-66.7168	134.0898	
			
			
			
[Side Lobes Table]
			
No.	Rel Ampl	Azimuth  [deg]	Absolute Ampl
1L	-1.29	70.00	-65.79
2L	-1.03	55.00	-65.53
3L	-1.22	45.00	-65.72
1R	-1.03	110.00	-65.53
2R	-0.83	155.00	-65.33
3R	-0.07	165.00	-64.57
		 	
File Name:	uwb_dipole.rff		
			
Polarizat.	0.000	Phase	
Frequency	4.500 G	 [GHz]	
Roll  	135.000	[deg]	
Ch.	Channel1		
Beam			
Switch			
Dir	0.00	dBi	
Azimuth  [deg]	Amplitude (dB)	Phase [Deg]	
-180.0000	-66.2001	139.8321	
-175.0000	-66.2738	132.1181	
-170.0000	-70.9837	147.0541	
-165.0000	-70.2817	176.5270	
-160.0000	-66.7484	153.8655	
-155.0000	-70.7159	168.1287	
-150.0000	-67.3651	169.7697	
-145.0000	-71.6131	158.2551	
-140.0000	-66.4598	146.7261	
-135.0000	-67.1550	142.7057	
-130.0000	-67.2110	139.6814	
-125.0000	-66.7746	145.4373	
-120.0000	-66.5745	164.3930	
-115.0000	-66.4369	153.8737	
-110.0000	-68.0953	154.8695	
-105.0000	-65.1721	162.7681	
-100.0000	-65.0718	169.5322	
-95.0000	-67.8300	-179.1160	
-90.0000	-69.2522	-175.3960	
-85.0000	-66.5890	-170.5266	
-80.0000	-66.0087	-163.2095	
-75.0000	-65.1718	-153.2506	
-70.0000	-66.1401	-143.0654	
-65.0000	-66.9177	-142.8969	
-60.0000	-66.8696	-128.2181	
-55.0000	-68.0206	-126.7763	
-50.0000	-66.3269	-117.8502	
-45.0000	-68.7355	-107.6635	
-40.0000	-68.4554	-107.5436	
-35.0000	-67.8141	-88.7717	
-30.0000	-69.9007	-94.4615	
-25.0000	-68.0654	-61.8477	
-20.0000	-68.1091	-69.1591	
-15.0000	-68.6899	-58.5586	
-10.0000	-69.5798	-41.4264	
-5.0000	-67.8330	-25.6935	
0.0000	-66.9508	-24.9573	
5.0000	-66.8690	-19.0328	
10.0000	-66.2182	-16.0992	
15.0000	-65.6894	-18.1185	
20.0000	-65.3520	-21.3260	
25.0000	-64.7911	-19.0253	
30.0000	-65.0844	-12.1182	
35.0000	-65.3916	-14.9287	
40.0000	-65.0715	-14.6067	
45.0000	-65.4896	-18.3605	
50.0000	-65.6125	-15.7710	
55.0000	-64.7648	-22.1404	
60.0000	-66.5190	-21.0028	
65.0000	-64.9927	-18.4948	
70.0000	-65.2672	-25.0784	
75.0000	-65.1909	-29.7485	
80.0000	-64.6805	-37.2120	
85.0000	-64.9751	-48.4102	
90.0000	-66.3163	-54.6916	
95.0000	-67.0652	-59.3372	
100.0000	-65.4628	-58.3792	
105.0000	-66.5491	-71.4140	
110.0000	-68.9695	-88.0250	
115.0000	-70.6131	-88.3246	
120.0000	-66.8012	-87.6109	
125.0000	-66.1986	-106.1578	
130.0000	-66.1249	-125.8671	
135.0000	-66.4175	-130.8670	
140.0000	-65.6692	-141.9273	
145.0000	-65.5436	-147.2951	
150.0000	-65.3153	-153.0879	
155.0000	-63.9776	-157.5791	
160.0000	-66.1530	-168.0047	
165.0000	-63.8258	-176.7854	
170.0000	-65.8728	-173.4892	
175.0000	-67.1668	159.2691	
180.0000	-66.1839	139.2168	
			
			
			
[Side Lobes Table]
			
No.	Rel Ampl	Azimuth  [deg]	Absolute Ampl
1L	-0.15	155.00	-63.98
2L	-2.30	130.00	-66.12
3L	-1.64	100.00	-65.46
		 	
File Name:	uwb_dipole.rff		
			
Polarizat.	0.000	Phase	
Frequency	4.500 G	 [GHz]	
Roll  	140.000	[deg]	
Ch.	Channel1		
Beam			
Switch			
Dir	0.00	dBi	
Azimuth  [deg]	Amplitude (dB)	Phase [Deg]	
-180.0000	-65.1087	134.3788	
-175.0000	-66.8646	135.7446	
-170.0000	-71.3292	166.7713	
-165.0000	-67.2627	170.8786	
-160.0000	-67.3851	152.0853	
-155.0000	-67.4621	-173.5664	
-150.0000	-67.4634	154.9860	
-145.0000	-68.4455	166.4944	
-140.0000	-67.6011	138.2135	
-135.0000	-67.4340	144.6438	
-130.0000	-68.4034	152.0939	
-125.0000	-67.5300	149.3901	
-120.0000	-64.8890	154.6180	
-115.0000	-65.8308	161.0172	
-110.0000	-65.3348	177.0601	
-105.0000	-67.0821	163.2780	
-100.0000	-66.4995	170.7710	
-95.0000	-66.8867	171.3194	
-90.0000	-67.3177	-157.4234	
-85.0000	-67.7471	-161.6947	
-80.0000	-65.9702	-154.2156	
-75.0000	-66.5956	-146.6970	
-70.0000	-66.3450	-140.5134	
-65.0000	-67.3264	-131.8789	
-60.0000	-67.5344	-126.6964	
-55.0000	-67.3644	-116.1774	
-50.0000	-67.7067	-114.4707	
-45.0000	-68.1143	-102.6789	
-40.0000	-68.7390	-87.6161	
-35.0000	-68.1842	-90.5871	
-30.0000	-69.6487	-62.9668	
-25.0000	-67.2811	-62.7341	
-20.0000	-67.7695	-59.9348	
-15.0000	-68.5938	-51.8871	
-10.0000	-68.1463	-30.5605	
-5.0000	-66.6171	-25.2124	
0.0000	-66.3884	-22.0203	
5.0000	-66.0051	-16.9979	
10.0000	-65.4574	-17.2407	
15.0000	-65.1292	-21.6172	
20.0000	-64.4344	-23.8317	
25.0000	-64.2197	-20.3411	
30.0000	-64.7971	-17.1688	
35.0000	-64.7027	-20.2385	
40.0000	-64.9531	-20.5954	
45.0000	-64.3869	-25.5069	
50.0000	-65.2261	-26.6498	
55.0000	-64.0581	-19.1930	
60.0000	-64.9686	-33.7680	
65.0000	-66.4557	-33.5373	
70.0000	-64.9530	-32.2509	
75.0000	-64.9286	-32.4693	
80.0000	-64.5953	-40.6941	
85.0000	-63.6264	-48.4949	
90.0000	-64.5612	-66.1953	
95.0000	-64.0952	-74.5792	
100.0000	-66.2365	-71.4723	
105.0000	-65.4978	-76.3677	
110.0000	-64.3783	-93.9826	
115.0000	-64.9781	-119.2318	
120.0000	-67.2193	-122.6220	
125.0000	-67.2205	-124.7606	
130.0000	-65.4804	-130.8420	
135.0000	-65.4354	-141.3910	
140.0000	-65.1487	-145.4077	
145.0000	-64.0799	-153.8962	
150.0000	-64.1320	-162.6094	
155.0000	-64.0573	-156.8063	
160.0000	-64.7480	-177.2896	
165.0000	-63.6196	-172.1426	
170.0000	-66.6003	176.2978	
175.0000	-66.1058	148.1620	
180.0000	-65.0645	134.1292	
			
			
			
[Side Lobes Table]
			
No.	Rel Ampl	Azimuth  [deg]	Absolute Ampl
1L	-0.44	155.00	-64.06
2L	-0.46	145.00	-64.08
3L	-0.76	110.00	-64.38
		 	
File Name:	uwb_dipole.rff		
			
Polarizat.	0.000	Phase	
Frequency	4.500 G	 [GHz]	
Roll  	145.000	[deg]	
Ch.	Channel1		
Beam			
Switch			
Dir	0.00	dBi	
Azimuth  [deg]	Amplitude (dB)	Phase [Deg]	
-180.0000	-64.8703	138.0196	
-175.0000	-65.0040	133.5149	
-170.0000	-69.3792	151.2622	
-165.0000	-68.2710	-178.4774	
-160.0000	-65.9098	161.0960	
-155.0000	-68.3373	178.6916	
-150.0000	-64.6399	176.8929	
-145.0000	-69.7137	168.4290	
-140.0000	-67.1859	156.6369	
-135.0000	-68.5504	157.6066	
-130.0000	-68.7026	155.0340	
-125.0000	-66.9173	161.2519	
-120.0000	-66.2004	170.0563	
-115.0000	-67.6306	162.8549	
-110.0000	-67.9122	162.1191	
-105.0000	-65.9987	155.3360	
-100.0000	-66.0664	-177.1632	
-95.0000	-69.0780	174.4203	
-90.0000	-70.4105	-162.1001	
-85.0000	-68.1774	-173.6390	
-80.0000	-65.3506	-155.6647	
-75.0000	-67.4812	-150.4308	
-70.0000	-66.6717	-140.9830	
-65.0000	-67.6668	-130.5663	
-60.0000	-68.5162	-124.5418	
-55.0000	-67.5310	-119.3929	
-50.0000	-67.9456	-106.1806	
-45.0000	-68.5168	-103.6811	
-40.0000	-68.6279	-86.5069	
-35.0000	-67.8229	-87.1880	
-30.0000	-69.4646	-66.7826	
-25.0000	-67.2271	-58.5194	
-20.0000	-66.6816	-57.4852	
-15.0000	-67.6138	-53.5442	
-10.0000	-68.1141	-34.8902	
-5.0000	-66.2361	-23.2976	
0.0000	-65.6254	-23.6773	
5.0000	-65.5184	-18.5274	
10.0000	-65.0273	-17.0761	
15.0000	-64.7292	-19.9714	
20.0000	-64.2369	-24.9353	
25.0000	-63.6054	-25.8260	
30.0000	-63.7464	-22.4502	
35.0000	-64.2268	-25.0537	
40.0000	-63.9388	-26.6121	
45.0000	-63.9483	-31.2894	
50.0000	-64.1089	-25.6488	
55.0000	-63.6870	-30.7144	
60.0000	-66.0354	-36.0143	
65.0000	-64.6453	-35.2377	
70.0000	-63.6923	-43.6200	
75.0000	-64.5550	-45.5916	
80.0000	-63.9388	-54.0696	
85.0000	-64.5386	-64.8659	
90.0000	-65.2920	-76.7596	
95.0000	-65.6173	-77.8527	
100.0000	-65.2621	-76.9028	
105.0000	-65.1030	-87.6703	
110.0000	-66.8800	-112.5129	
115.0000	-69.0992	-108.5222	
120.0000	-66.1701	-106.2946	
125.0000	-64.7030	-122.4884	
130.0000	-64.2577	-137.7318	
135.0000	-64.6679	-144.5734	
140.0000	-64.5303	-146.7182	
145.0000	-63.8500	-156.1919	
150.0000	-64.1739	-159.6083	
155.0000	-62.6756	-161.8228	
160.0000	-64.9074	-171.3177	
165.0000	-62.9497	-176.0495	
170.0000	-65.4225	-176.9822	
175.0000	-66.0278	155.5305	
180.0000	-64.8235	137.7528	
			
			
			
[Side Lobes Table]
			
No.	Rel Ampl	Azimuth  [deg]	Absolute Ampl
1L	-1.17	145.00	-63.85
2L	-1.58	130.00	-64.26
3L	-2.43	105.00	-65.10
1R	-0.27	165.00	-62.95
		 	
File Name:	uwb_dipole.rff		
			
Polarizat.	0.000	Phase	
Frequency	4.500 G	 [GHz]	
Roll  	150.000	[deg]	
Ch.	Channel1		
Beam			
Switch			
Dir	0.00	dBi	
Azimuth  [deg]	Amplitude (dB)	Phase [Deg]	
-180.0000	-63.9773	134.4813	
-175.0000	-65.8739	137.0178	
-170.0000	-69.5557	171.5191	
-165.0000	-66.0291	179.1182	
-160.0000	-66.4024	162.4104	
-155.0000	-65.0256	-168.2528	
-150.0000	-65.1523	165.8240	
-145.0000	-67.0606	-177.2556	
-140.0000	-68.7831	159.2302	
-135.0000	-68.2728	163.1719	
-130.0000	-68.8150	176.3205	
-125.0000	-67.4544	162.8195	
-120.0000	-65.7179	158.8574	
-115.0000	-66.1853	173.6639	
-110.0000	-67.5640	178.1067	
-105.0000	-70.9134	177.8344	
-100.0000	-68.5332	166.3019	
-95.0000	-69.0672	-169.5963	
-90.0000	-68.5915	-151.1004	
-85.0000	-67.6645	-144.7451	
-80.0000	-68.9118	-160.4897	
-75.0000	-67.1709	-135.0116	
-70.0000	-68.8483	-128.9865	
-65.0000	-68.5845	-125.1012	
-60.0000	-67.9273	-108.1296	
-55.0000	-69.6443	-107.5811	
-50.0000	-67.3999	-99.3936	
-45.0000	-69.7081	-83.0055	
-40.0000	-67.5890	-78.5469	
-35.0000	-69.0052	-71.7153	
-30.0000	-67.8113	-53.9245	
-25.0000	-66.4501	-50.4666	
-20.0000	-66.4336	-52.2572	
-15.0000	-67.4996	-42.6789	
-10.0000	-66.4590	-26.2979	
-5.0000	-65.2573	-24.7154	
0.0000	-65.1958	-21.0007	
5.0000	-64.9145	-18.3318	
10.0000	-64.5565	-18.6909	
15.0000	-64.2359	-23.2328	
20.0000	-63.5387	-27.0052	
25.0000	-62.9083	-26.8945	
30.0000	-63.2719	-25.4072	
35.0000	-63.3452	-27.7265	
40.0000	-63.4831	-28.7230	
45.0000	-63.2141	-32.0704	
50.0000	-64.6626	-35.4454	
55.0000	-63.7502	-34.6147	
60.0000	-63.2935	-49.2555	
65.0000	-64.6085	-48.9388	
70.0000	-64.3637	-47.1458	
75.0000	-64.3099	-51.5435	
80.0000	-64.4241	-53.5938	
85.0000	-62.9124	-67.4935	
90.0000	-63.1982	-77.6751	
95.0000	-63.4258	-92.0204	
100.0000	-65.0049	-91.4384	
105.0000	-64.8780	-93.7581	
110.0000	-63.2895	-110.3894	
115.0000	-62.6860	-129.9628	
120.0000	-65.2632	-140.8032	
125.0000	-65.5565	-134.8466	
130.0000	-64.3047	-142.9220	
135.0000	-63.9771	-149.3564	
140.0000	-63.9159	-156.3186	
145.0000	-63.4040	-157.3386	
150.0000	-62.8880	-168.3674	
155.0000	-63.0422	-160.6046	
160.0000	-63.5020	-178.7629	
165.0000	-63.2564	-174.0829	
170.0000	-65.9920	170.7624	
175.0000	-65.2020	145.9854	
180.0000	-63.9380	134.3338	
			
			
			
[Side Lobes Table]
			
No.	Rel Ampl	Azimuth  [deg]	Absolute Ampl
1L	-0.23	85.00	-62.91
2L	-1.62	75.00	-64.31
3L	-0.61	60.00	-63.29
1R	-0.20	150.00	-62.89
2R	-0.57	165.00	-63.26
		 	
File Name:	uwb_dipole.rff		
			
Polarizat.	0.000	Phase	
Frequency	4.500 G	 [GHz]	
Roll  	155.000	[deg]	
Ch.	Channel1		
Beam			
Switch			
Dir	0.00	dBi	
Azimuth  [deg]	Amplitude (dB)	Phase [Deg]	
-180.0000	-63.9647	136.4553	
-175.0000	-64.2136	135.3525	
-170.0000	-68.0875	158.1222	
-165.0000	-66.6723	-171.2170	
-160.0000	-64.8842	169.5850	
-155.0000	-66.0049	-174.5123	
-150.0000	-62.5276	178.6260	
-145.0000	-67.0230	178.9267	
-140.0000	-66.6647	172.6080	
-135.0000	-68.0122	-171.6370	
-130.0000	-68.3221	-172.9263	
-125.0000	-66.0572	171.5247	
-120.0000	-67.6940	179.1417	
-115.0000	-69.6137	-173.0425	
-110.0000	-70.7224	155.1709	
-105.0000	-70.6677	173.5842	
-100.0000	-68.1403	-168.0290	
-95.0000	-72.1763	-139.8278	
-90.0000	-71.9505	-143.8259	
-85.0000	-69.6151	-154.5043	
-80.0000	-69.2924	-154.0339	
-75.0000	-68.4156	-128.9288	
-70.0000	-69.9528	-122.4859	
-65.0000	-68.6571	-120.8666	
-60.0000	-68.9765	-99.0736	
-55.0000	-69.8665	-107.2684	
-50.0000	-67.2822	-88.3738	
-45.0000	-70.9285	-81.8353	
-40.0000	-67.0687	-70.0332	
-35.0000	-68.7827	-67.2956	
-30.0000	-67.7329	-54.5859	
-25.0000	-66.3929	-45.7763	
-20.0000	-65.6600	-48.3681	
-15.0000	-66.4839	-44.0982	
-10.0000	-66.3277	-28.9983	
-5.0000	-65.1071	-22.6934	
0.0000	-64.6256	-22.5758	
5.0000	-64.5668	-19.7115	
10.0000	-64.4729	-19.2831	
15.0000	-64.0834	-21.8646	
20.0000	-63.6302	-27.6389	
25.0000	-62.7862	-31.0515	
30.0000	-62.5397	-26.5058	
35.0000	-63.0904	-28.9162	
40.0000	-63.1225	-31.7704	
45.0000	-63.4523	-37.0886	
50.0000	-63.9182	-36.2790	
55.0000	-62.7212	-45.9886	
60.0000	-64.4471	-51.1745	
65.0000	-63.5737	-47.7794	
70.0000	-63.0133	-58.5867	
75.0000	-63.5343	-58.2697	
80.0000	-63.7347	-71.7570	
85.0000	-63.2585	-81.7308	
90.0000	-64.7921	-89.4942	
95.0000	-64.5418	-94.1216	
100.0000	-64.4389	-93.5532	
105.0000	-64.0226	-106.9800	
110.0000	-65.3125	-127.9497	
115.0000	-66.2513	-132.7775	
120.0000	-65.4771	-119.6191	
125.0000	-63.1559	-130.4543	
130.0000	-62.9764	-147.9868	
135.0000	-63.7475	-151.5144	
140.0000	-63.3906	-155.7891	
145.0000	-63.3169	-160.8179	
150.0000	-63.2328	-168.0093	
155.0000	-62.0176	-164.9558	
160.0000	-63.7662	-173.6464	
165.0000	-62.7449	-176.6256	
170.0000	-64.9246	179.5671	
175.0000	-65.5180	153.7791	
180.0000	-63.8925	136.7023	
			
			
			
[Side Lobes Table]
			
No.	Rel Ampl	Azimuth  [deg]	Absolute Ampl
1L	-0.96	130.00	-62.98
2L	-2.01	105.00	-64.02
3L	-1.24	85.00	-63.26
1R	-0.73	165.00	-62.74
		 	
File Name:	uwb_dipole.rff		
			
Polarizat.	0.000	Phase	
Frequency	4.500 G	 [GHz]	
Roll  	160.000	[deg]	
Ch.	Channel1		
Beam			
Switch			
Dir	0.00	dBi	
Azimuth  [deg]	Amplitude (dB)	Phase [Deg]	
-180.0000	-63.2302	134.2840	
-175.0000	-65.0173	140.7410	
-170.0000	-67.7324	177.4702	
-165.0000	-64.3843	-173.8378	
-160.0000	-65.2364	170.7752	
-155.0000	-63.5448	-169.4270	
-150.0000	-63.6776	167.8506	
-145.0000	-65.2029	-169.8962	
-140.0000	-67.3366	-169.3227	
-135.0000	-65.7675	-171.5770	
-130.0000	-66.7034	-170.9040	
-125.0000	-70.2446	-179.1914	
-120.0000	-67.4093	-179.0181	
-115.0000	-67.7153	-171.0974	
-110.0000	-69.9373	-131.8789	
-105.0000	-72.5233	-144.6447	
-100.0000	-73.3147	-142.4846	
-95.0000	-68.8312	-149.0547	
-90.0000	-69.3211	-121.7530	
-85.0000	-71.0783	-129.9406	
-80.0000	-71.4817	-118.5446	
-75.0000	-70.4777	-112.9455	
-70.0000	-68.7234	-103.6523	
-65.0000	-70.8035	-92.0144	
-60.0000	-68.1858	-95.2013	
-55.0000	-69.7822	-67.0601	
-50.0000	-68.4488	-85.8431	
-45.0000	-67.7995	-55.6046	
-40.0000	-67.7407	-65.6099	
-35.0000	-67.7944	-48.3740	
-30.0000	-66.6360	-43.3251	
-25.0000	-65.3672	-39.9734	
-20.0000	-65.3120	-43.8287	
-15.0000	-66.1893	-35.1717	
-10.0000	-65.3118	-25.1789	
-5.0000	-64.5312	-23.1052	
0.0000	-64.3781	-21.0766	
5.0000	-64.3326	-20.7301	
10.0000	-64.2917	-22.2156	
15.0000	-64.0156	-26.8611	
20.0000	-63.2213	-31.8825	
25.0000	-62.3980	-30.4190	
30.0000	-62.7430	-28.3313	
35.0000	-63.4174	-32.4179	
40.0000	-63.5320	-38.3233	
45.0000	-62.7744	-43.7192	
50.0000	-63.7432	-48.8363	
55.0000	-62.9714	-42.5871	
60.0000	-62.7444	-63.6375	
65.0000	-63.7724	-60.5817	
70.0000	-64.1160	-60.1563	
75.0000	-64.3301	-67.8274	
80.0000	-63.4777	-70.9445	
85.0000	-62.7185	-76.8055	
90.0000	-62.2221	-95.1757	
95.0000	-62.5737	-104.1682	
100.0000	-63.6735	-105.8016	
105.0000	-64.3349	-109.9996	
110.0000	-62.0346	-119.8067	
115.0000	-62.0342	-141.3599	
120.0000	-63.8240	-151.1855	
125.0000	-64.6966	-147.6827	
130.0000	-63.2364	-146.3657	
135.0000	-63.1988	-159.2876	
140.0000	-63.4227	-159.6719	
145.0000	-63.0056	-165.0999	
150.0000	-62.3295	-173.6618	
155.0000	-62.3725	-165.1979	
160.0000	-63.2349	-179.2185	
165.0000	-63.1978	-176.8390	
170.0000	-65.5777	169.3933	
175.0000	-64.8155	143.1496	
180.0000	-63.2363	133.9137	
			
			
			
[Side Lobes Table]
			
No.	Rel Ampl	Azimuth  [deg]	Absolute Ampl
1L	-0.19	90.00	-62.22
2L	-0.71	60.00	-62.74
3L	-0.74	45.00	-62.77
1R	-1.16	135.00	-63.20
2R	-0.30	150.00	-62.33
3R	-1.16	165.00	-63.20
		 	
File Name:	uwb_dipole.rff		
			
Polarizat.	0.000	Phase	
Frequency	4.500 G	 [GHz]	
Roll  	165.000	[deg]	
Ch.	Channel1		
Beam			
Switch			
Dir	0.00	dBi	
Azimuth  [deg]	Amplitude (dB)	Phase [Deg]	
-180.0000	-63.3988	135.2519	
-175.0000	-63.5422	136.7563	
-170.0000	-66.8480	163.1416	
-165.0000	-64.6936	-166.5453	
-160.0000	-63.5871	178.7796	
-155.0000	-64.8264	-170.8458	
-150.0000	-62.0485	178.7164	
-145.0000	-65.3353	-172.8793	
-140.0000	-64.9731	-176.0246	
-135.0000	-64.4798	-161.2126	
-130.0000	-66.9011	-163.9021	
-125.0000	-67.4355	-165.9875	
-120.0000	-66.8161	-152.1902	
-115.0000	-70.1569	-135.5749	
-110.0000	-74.4034	-121.7376	
-105.0000	-71.1123	-147.7540	
-100.0000	-68.0354	-124.0216	
-95.0000	-69.3255	-117.5761	
-90.0000	-71.2489	-96.1649	
-85.0000	-73.9851	-125.2547	
-80.0000	-70.1870	-104.2255	
-75.0000	-70.1509	-92.8132	
-70.0000	-68.2166	-89.5108	
-65.0000	-69.7795	-83.7707	
-60.0000	-68.1741	-80.1741	
-55.0000	-70.7305	-61.0548	
-50.0000	-66.7303	-67.1123	
-45.0000	-68.7015	-45.7770	
-40.0000	-66.2539	-55.7602	
-35.0000	-67.3467	-42.3725	
-30.0000	-66.1818	-40.6809	
-25.0000	-65.2815	-36.2583	
-20.0000	-64.5819	-38.3615	
-15.0000	-65.3527	-36.8917	
-10.0000	-65.1600	-26.4764	
-5.0000	-64.3209	-22.5363	
0.0000	-64.0433	-22.7840	
5.0000	-64.1174	-21.3516	
10.0000	-64.1599	-23.0246	
15.0000	-64.1233	-26.4768	
20.0000	-63.5545	-32.2998	
25.0000	-62.7208	-35.9667	
30.0000	-62.4780	-32.7242	
35.0000	-63.4518	-34.5946	
40.0000	-63.2822	-43.0011	
45.0000	-62.8878	-48.0113	
50.0000	-63.3994	-43.9753	
55.0000	-62.4893	-53.8801	
60.0000	-63.8487	-64.9511	
65.0000	-63.2666	-56.0605	
70.0000	-63.3738	-69.4808	
75.0000	-63.0449	-74.1495	
80.0000	-62.9216	-85.3981	
85.0000	-63.0037	-95.2418	
90.0000	-63.7187	-107.6060	
95.0000	-64.0710	-108.0696	
100.0000	-63.7732	-105.3973	
105.0000	-63.4570	-122.1592	
110.0000	-63.6167	-135.3089	
115.0000	-65.3459	-145.8576	
120.0000	-65.4025	-128.4532	
125.0000	-62.4073	-142.1607	
130.0000	-62.5584	-151.6794	
135.0000	-63.6414	-162.0475	
140.0000	-63.0333	-160.0764	
145.0000	-62.9798	-166.3118	
150.0000	-63.1220	-175.5624	
155.0000	-61.4072	-169.3909	
160.0000	-63.9020	-175.3849	
165.0000	-62.6241	178.7028	
170.0000	-64.6577	178.7146	
175.0000	-65.5373	151.8311	
180.0000	-63.3609	135.7631	
			
			
			
[Side Lobes Table]
			
No.	Rel Ampl	Azimuth  [deg]	Absolute Ampl
1L	-1.57	145.00	-62.98
2L	-1.00	125.00	-62.41
3L	-2.05	105.00	-63.46
1R	-1.22	165.00	-62.62
		 	
File Name:	uwb_dipole.rff		
			
Polarizat.	0.000	Phase	
Frequency	4.500 G	 [GHz]	
Roll  	170.000	[deg]	
Ch.	Channel1		
Beam			
Switch			
Dir	0.00	dBi	
Azimuth  [deg]	Amplitude (dB)	Phase [Deg]	
-180.0000	-62.9020	133.8025	
-175.0000	-64.4170	142.1812	
-170.0000	-66.1813	179.4494	
-165.0000	-63.0046	-169.9849	
-160.0000	-64.1256	179.7942	
-155.0000	-62.9161	-164.3251	
-150.0000	-63.2310	174.8559	
-145.0000	-63.7672	-168.1232	
-140.0000	-65.8853	-162.1092	
-135.0000	-64.6076	-167.6516	
-130.0000	-66.1745	-155.6196	
-125.0000	-68.8237	-144.3380	
-120.0000	-67.8128	-155.1957	
-115.0000	-67.2356	-137.1951	
-110.0000	-66.1255	-108.2137	
-105.0000	-68.2224	-92.9324	
-100.0000	-69.8078	-113.3114	
-95.0000	-68.4643	-109.8652	
-90.0000	-68.1124	-95.5686	
-85.0000	-68.0889	-74.9048	
-80.0000	-70.1764	-76.2351	
-75.0000	-67.2513	-74.2745	
-70.0000	-68.5275	-70.9150	
-65.0000	-68.2630	-62.6104	
-60.0000	-68.4103	-64.4802	
-55.0000	-66.7994	-45.7322	
-50.0000	-68.1963	-54.8000	
-45.0000	-65.4983	-39.8480	
-40.0000	-66.7510	-43.8825	
-35.0000	-65.6870	-34.5599	
-30.0000	-65.2284	-32.5719	
-25.0000	-64.3507	-30.4252	
-20.0000	-64.4028	-33.9416	
-15.0000	-64.8899	-29.5187	
-10.0000	-64.4716	-23.2676	
-5.0000	-63.9939	-22.5569	
0.0000	-63.9209	-21.9557	
5.0000	-64.0726	-23.5795	
10.0000	-64.2279	-26.8502	
15.0000	-64.0538	-32.4931	
20.0000	-63.3514	-37.0085	
25.0000	-62.5748	-38.2984	
30.0000	-62.8991	-37.1835	
35.0000	-63.5270	-42.3218	
40.0000	-63.1688	-47.2560	
45.0000	-62.6635	-49.1583	
50.0000	-64.1747	-58.4261	
55.0000	-63.0725	-53.6557	
60.0000	-62.6692	-66.3038	
65.0000	-64.5882	-74.9574	
70.0000	-63.7957	-76.7359	
75.0000	-64.4275	-77.0993	
80.0000	-63.6408	-82.6313	
85.0000	-63.1209	-89.4668	
90.0000	-61.7250	-102.0301	
95.0000	-62.7495	-112.9077	
100.0000	-63.7153	-117.7761	
105.0000	-63.5671	-119.4441	
110.0000	-61.9287	-128.2315	
115.0000	-61.6572	-146.4048	
120.0000	-63.5898	-159.8135	
125.0000	-64.9486	-149.1060	
130.0000	-63.9283	-153.1056	
135.0000	-62.6569	-167.4307	
140.0000	-63.5144	-163.3742	
145.0000	-63.4462	-171.1306	
150.0000	-61.8675	179.1422	
155.0000	-62.7545	-166.3466	
160.0000	-63.4871	173.6217	
165.0000	-62.7159	179.8985	
170.0000	-65.8306	169.7573	
175.0000	-64.7107	140.1348	
180.0000	-62.8457	133.8743	
			
			
			
[Side Lobes Table]
			
No.	Rel Ampl	Azimuth  [deg]	Absolute Ampl
1L	-0.07	90.00	-61.73
2L	-2.14	70.00	-63.80
3L	-1.01	60.00	-62.67
1R	-1.00	135.00	-62.66
2R	-0.21	150.00	-61.87
3R	-1.06	165.00	-62.72
		 	
File Name:	uwb_dipole.rff		
			
Polarizat.	0.000	Phase	
Frequency	4.500 G	 [GHz]	
Roll  	175.000	[deg]	
Ch.	Channel1		
Beam			
Switch			
Dir	0.00	dBi	
Azimuth  [deg]	Amplitude (dB)	Phase [Deg]	
-180.0000	-63.1947	133.6950	
-175.0000	-63.2620	136.9984	
-170.0000	-65.7448	162.6998	
-165.0000	-63.2659	-168.2830	
-160.0000	-62.4746	-175.9147	
-155.0000	-63.6072	-164.0844	
-150.0000	-61.7734	-179.6154	
-145.0000	-64.9456	-170.6341	
-140.0000	-65.2258	-165.4840	
-135.0000	-63.3569	-158.5312	
-130.0000	-67.2699	-150.7053	
-125.0000	-66.8448	-141.0903	
-120.0000	-65.5532	-134.5370	
-115.0000	-66.4411	-101.1110	
-110.0000	-67.4263	-100.0376	
-105.0000	-68.1678	-107.7240	
-100.0000	-65.4781	-106.3761	
-95.0000	-66.1085	-91.0004	
-90.0000	-67.2901	-73.5836	
-85.0000	-68.1122	-70.1462	
-80.0000	-67.5236	-74.0770	
-75.0000	-66.0315	-67.6045	
-70.0000	-67.2766	-63.0560	
-65.0000	-66.7303	-62.1420	
-60.0000	-66.3561	-47.1899	
-55.0000	-67.1564	-44.3576	
-50.0000	-65.6892	-47.0144	
-45.0000	-65.9098	-31.4088	
-40.0000	-65.2239	-42.4660	
-35.0000	-65.5479	-31.2257	
-30.0000	-64.6892	-30.4468	
-25.0000	-64.2810	-28.2940	
-20.0000	-63.6951	-30.1024	
-15.0000	-64.2858	-30.9228	
-10.0000	-64.4450	-24.8143	
-5.0000	-64.0229	-21.7567	
0.0000	-63.8045	-22.9784	
5.0000	-63.9225	-23.6674	
10.0000	-64.1377	-27.4972	
15.0000	-64.2013	-33.1790	
20.0000	-63.7385	-41.2401	
25.0000	-62.7586	-44.0434	
30.0000	-62.4993	-41.0711	
35.0000	-63.4530	-42.9217	
40.0000	-63.4929	-50.4584	
45.0000	-63.3227	-55.2423	
50.0000	-64.4762	-53.8554	
55.0000	-62.7674	-62.1093	
60.0000	-64.9952	-73.1124	
65.0000	-64.5735	-68.8289	
70.0000	-63.2421	-78.7398	
75.0000	-63.8536	-84.9130	
80.0000	-63.4252	-96.9871	
85.0000	-63.6936	-108.1064	
90.0000	-63.2908	-116.9164	
95.0000	-66.1885	-118.6793	
100.0000	-63.9529	-117.1103	
105.0000	-63.6731	-129.5617	
110.0000	-64.0350	-140.6458	
115.0000	-66.5483	-156.5668	
120.0000	-65.7746	-135.5754	
125.0000	-63.4224	-145.9600	
130.0000	-63.0527	-159.0440	
135.0000	-63.4337	-172.9593	
140.0000	-63.3930	-160.3710	
145.0000	-63.7688	-176.7191	
150.0000	-62.7688	177.2065	
155.0000	-61.9301	-172.3101	
160.0000	-64.5705	173.4350	
165.0000	-62.0543	173.9878	
170.0000	-64.8095	178.5515	
175.0000	-65.8811	147.3966	
180.0000	-63.1375	133.3107	
			
			
			
[Side Lobes Table]
			
No.	Rel Ampl	Azimuth  [deg]	Absolute Ampl
1L	-0.70	-160.00	-62.47
1R	-1.58	-135.00	-63.36
2R	-3.78	-120.00	-65.55
3R	-3.70	-100.00	-65.48
		 	
File Name:	uwb_dipole.rff		
			
Polarizat.	0.000	Phase	
Frequency	4.500 G	 [GHz]	
Roll  	180.000	[deg]	
Ch.	Channel1		
Beam			
Switch			
Dir	0.00	dBi	
Azimuth  [deg]	Amplitude (dB)	Phase [Deg]	
-180.0000	-62.7143	133.4942	
-175.0000	-64.1963	143.8555	
-170.0000	-65.1666	179.0546	
-165.0000	-61.9299	-169.9091	
-160.0000	-62.7290	-174.0792	
-155.0000	-61.7732	-162.3890	
-150.0000	-63.7298	-178.6983	
-145.0000	-63.6839	-156.2292	
-140.0000	-64.5358	-150.2488	
-135.0000	-65.6842	-160.5591	
-130.0000	-64.7873	-129.7432	
-125.0000	-65.9546	-125.8257	
-120.0000	-66.3125	-120.7620	
-115.0000	-63.5717	-123.9765	
-110.0000	-63.3834	-100.4904	
-105.0000	-64.3069	-89.0335	
-100.0000	-67.2221	-85.4318	
-95.0000	-65.3469	-93.9472	
-90.0000	-64.6890	-73.3673	
-85.0000	-64.4902	-68.5829	
-80.0000	-65.5413	-57.9074	
-75.0000	-65.5549	-59.1860	
-70.0000	-65.2375	-51.6894	
-65.0000	-66.2839	-43.1142	
-60.0000	-65.2925	-44.1529	
-55.0000	-64.6929	-32.7760	
-50.0000	-65.5666	-37.4876	
-45.0000	-64.1022	-27.4671	
-40.0000	-65.1893	-30.8261	
-35.0000	-64.2383	-24.0877	
-30.0000	-64.1726	-26.1895	
-25.0000	-63.4448	-24.1767	
-20.0000	-63.4410	-28.5474	
-15.0000	-64.1033	-26.7015	
-10.0000	-64.0825	-21.8128	
-5.0000	-63.8594	-21.9614	
0.0000	-63.7792	-22.9566	
5.0000	-63.9971	-26.0006	
10.0000	-64.3218	-32.4811	
15.0000	-64.1403	-40.6255	
20.0000	-63.3177	-46.9294	
25.0000	-62.4757	-44.8153	
30.0000	-63.0384	-42.0881	
35.0000	-64.3089	-48.0937	
40.0000	-64.0667	-55.9500	
45.0000	-63.4870	-58.4061	
50.0000	-65.2672	-69.1963	
55.0000	-64.5645	-60.5600	
60.0000	-63.8049	-83.9406	
65.0000	-65.1622	-83.8890	
70.0000	-65.7908	-84.0354	
75.0000	-65.6671	-92.0046	
80.0000	-65.3764	-93.4233	
85.0000	-64.1502	-96.0751	
90.0000	-63.8031	-110.6143	
95.0000	-63.2017	-125.3781	
100.0000	-65.2569	-126.3402	
105.0000	-64.9446	-124.2135	
110.0000	-63.4809	-137.8114	
115.0000	-62.2903	-151.2003	
120.0000	-64.7635	-172.7176	
125.0000	-66.4662	-162.9585	
130.0000	-64.2697	-160.6787	
135.0000	-63.2513	-166.3127	
140.0000	-65.4696	-177.9459	
145.0000	-63.1465	-179.1689	
150.0000	-62.5105	178.6024	
155.0000	-64.0499	-174.7773	
160.0000	-62.7010	165.0522	
165.0000	-62.4715	-179.4984	
170.0000	-66.3775	170.4796	
175.0000	-64.6459	136.1802	
180.0000	-62.6937	133.6597	
			
			
			
[Side Lobes Table]
			
No.	Rel Ampl	Azimuth  [deg]	Absolute Ampl
1L	-0.16	-165.00	-61.93
1R	-1.91	-145.00	-63.68
2R	-3.01	-130.00	-64.79
3R	-1.61	-110.00	-63.38
		 	



[Statistics Table]
		Polarizat.	Freq.	Roll  	Ch.	Beam	Switch	Beam Peak [dB]		 	Beam Width [deg]		 	Null Depth [dB]		 				
File Name		[deg]	 [GHz]	[deg]				Value	[deg]		Value	At dB		Value	[deg]				 	 
uwb_dipole.rff		0.000	4.500 G	0.000	Channel1			-61.60	160.00	P	24.39	3.00	P				0.00			
uwb_dipole.rff		0.000	4.500 G	5.000	Channel1			-61.45	165.00	P	N/A	3.00	P				0.00			
uwb_dipole.rff		0.000	4.500 G	10.000	Channel1			-61.96	-180.00	P	N/A	3.00	P				0.00			
uwb_dipole.rff		0.000	4.500 G	15.000	Channel1			-61.73	125.00	P	N/A	3.00	P				0.00			
uwb_dipole.rff		0.000	4.500 G	20.000	Channel1			-62.07	25.00	P	N/A	3.00	P				0.00			
uwb_dipole.rff		0.000	4.500 G	25.000	Channel1			-62.33	30.00	P	N/A	3.00	P				0.00			
uwb_dipole.rff		0.000	4.500 G	30.000	Channel1			-62.60	25.00	P	105.85	3.00	P				0.00			
uwb_dipole.rff		0.000	4.500 G	35.000	Channel1			-62.75	155.00	P	N/A	3.00	P				0.00			
uwb_dipole.rff		0.000	4.500 G	40.000	Channel1			-63.45	25.00	P	70.02	3.00	P				0.00			
uwb_dipole.rff		0.000	4.500 G	45.000	Channel1			-63.77	30.00	P	59.03	3.00	P				0.00			
uwb_dipole.rff		0.000	4.500 G	50.000	Channel1			-64.82	25.00	P	119.86	3.00	P				0.00			
uwb_dipole.rff		0.000	4.500 G	55.000	Channel1			-65.53	-80.00	P	79.39	3.00	P				0.00			
uwb_dipole.rff		0.000	4.500 G	60.000	Channel1			-65.48	-95.00	P	51.58	3.00	P				0.00			
uwb_dipole.rff		0.000	4.500 G	65.000	Channel1			-67.35	100.00	P	46.69	3.00	P				0.00			
uwb_dipole.rff		0.000	4.500 G	70.000	Channel1			-67.67	-95.00	P	22.20	3.00	P				0.00			
uwb_dipole.rff		0.000	4.500 G	75.000	Channel1			-69.40	-110.00	P	42.22	3.00	P				0.00			
uwb_dipole.rff		0.000	4.500 G	80.000	Channel1			-70.19	-95.00	P	11.52	3.00	P				0.00			
uwb_dipole.rff		0.000	4.500 G	85.000	Channel1			-73.28	-95.00	P	9.39	3.00	P				0.00			
uwb_dipole.rff		0.000	4.500 G	90.000	Channel1			-77.66	-160.00	P	15.32	3.00	P				0.00			
uwb_dipole.rff		0.000	4.500 G	95.000	Channel1			-76.15	-70.00	P	7.35	3.00	P				0.00			
uwb_dipole.rff		0.000	4.500 G	100.000	Channel1			-70.55	-120.00	P	10.08	3.00	P				0.00			
uwb_dipole.rff		0.000	4.500 G	105.000	Channel1			-69.00	-115.00	P	19.54	3.00	P				0.00			
uwb_dipole.rff		0.000	4.500 G	110.000	Channel1			-65.97	-120.00	P	12.66	3.00	P				0.00			
uwb_dipole.rff		0.000	4.500 G	115.000	Channel1			-66.65	-125.00	P	29.87	3.00	P				0.00			
uwb_dipole.rff		0.000	4.500 G	120.000	Channel1			-65.83	85.00	P	53.19	3.00	P				0.00			
uwb_dipole.rff		0.000	4.500 G	125.000	Channel1			-65.42	165.00	P	54.76	3.00	P				0.00			
uwb_dipole.rff		0.000	4.500 G	130.000	Channel1			-64.50	85.00	P	112.02	3.00	P				0.00			
uwb_dipole.rff		0.000	4.500 G	135.000	Channel1			-63.83	165.00	P	53.71	3.00	P				0.00			
uwb_dipole.rff		0.000	4.500 G	140.000	Channel1			-63.62	165.00	P	N/A	3.00	P				0.00			
uwb_dipole.rff		0.000	4.500 G	145.000	Channel1			-62.68	155.00	P	50.41	3.00	P				0.00			
uwb_dipole.rff		0.000	4.500 G	150.000	Channel1			-62.69	115.00	P	176.22	3.00	P				0.00			
uwb_dipole.rff		0.000	4.500 G	155.000	Channel1			-62.02	155.00	P	49.79	3.00	P				0.00			
uwb_dipole.rff		0.000	4.500 G	160.000	Channel1			-62.03	115.00	P	177.08	3.00	P				0.00			
uwb_dipole.rff		0.000	4.500 G	165.000	Channel1			-61.41	155.00	P	47.72	3.00	P				0.00			
uwb_dipole.rff		0.000	4.500 G	170.000	Channel1			-61.66	115.00	P	136.15	3.00	P				0.00			
uwb_dipole.rff		0.000	4.500 G	175.000	Channel1			-61.77	-150.00	P	22.77	3.00	P				0.00			
uwb_dipole.rff		0.000	4.500 G	180.000	Channel1			-61.77	-155.00	P	30.43	3.00	P				0.00			



[Database Table]
First Question	
2nd	
3rd	
4th	
