File Name:	uwb_dipole.rff		
			
Polarizat.	0.000	Phase	
Frequency	3.000 G	 [GHz]	
Roll  	0.000	[deg]	
Ch.	Channel1		
Beam			
Switch			
Dir	0.00	dBi	
Azimuth  [deg]	Amplitude (dB)	Phase [Deg]	
-180.0000	-58.4911	80.7833	
-175.0000	-59.1649	86.0783	
-170.0000	-60.5364	92.9637	
-165.0000	-61.5683	110.6440	
-160.0000	-59.8116	121.4635	
-155.0000	-58.6936	114.0882	
-150.0000	-60.5966	109.6054	
-145.0000	-60.7686	128.4026	
-140.0000	-58.7620	129.2372	
-135.0000	-58.5851	124.8146	
-130.0000	-58.4930	122.0358	
-125.0000	-60.7628	124.5243	
-120.0000	-60.3548	134.6473	
-115.0000	-60.7398	150.8518	
-110.0000	-59.1673	147.9220	
-105.0000	-58.3853	149.4921	
-100.0000	-61.5395	152.2932	
-95.0000	-59.7252	160.9524	
-90.0000	-60.4333	175.2539	
-85.0000	-58.5127	175.5399	
-80.0000	-58.4021	169.7283	
-75.0000	-61.0620	174.9391	
-70.0000	-59.7955	-174.3656	
-65.0000	-59.9533	-165.5940	
-60.0000	-58.6060	-167.4366	
-55.0000	-60.5823	-163.8231	
-50.0000	-58.7240	-154.9384	
-45.0000	-59.4366	-160.5804	
-40.0000	-59.4748	-150.3675	
-35.0000	-59.3019	-150.9841	
-30.0000	-59.8334	-144.5536	
-25.0000	-59.0466	-137.6925	
-20.0000	-58.4280	-138.8450	
-15.0000	-58.4362	-140.8699	
-10.0000	-58.6733	-140.1880	
-5.0000	-58.6948	-139.9969	
0.0000	-58.6563	-138.9573	
5.0000	-58.6656	-139.2265	
10.0000	-58.5443	-139.8027	
15.0000	-58.4498	-139.0385	
20.0000	-58.5007	-138.2647	
25.0000	-58.7482	-139.0205	
30.0000	-58.9390	-141.9688	
35.0000	-58.8816	-145.5236	
40.0000	-58.8897	-147.0072	
45.0000	-58.9825	-150.9586	
50.0000	-58.7449	-153.6256	
55.0000	-58.9232	-157.1687	
60.0000	-58.6692	-158.1553	
65.0000	-59.5995	-159.3983	
70.0000	-58.8550	-171.5136	
75.0000	-59.4414	-160.8296	
80.0000	-59.7824	176.8597	
85.0000	-59.4124	-178.1505	
90.0000	-59.6671	176.9556	
95.0000	-59.2521	164.4483	
100.0000	-59.3257	169.1074	
105.0000	-59.0469	168.7607	
110.0000	-60.9447	152.2084	
115.0000	-60.3799	155.2077	
120.0000	-60.5268	144.2396	
125.0000	-61.8174	130.7482	
130.0000	-59.1897	126.7239	
135.0000	-60.0204	121.2870	
140.0000	-59.1067	116.6374	
145.0000	-59.7105	109.8672	
150.0000	-58.1159	100.1723	
155.0000	-57.3631	109.7360	
160.0000	-59.8278	115.3625	
165.0000	-62.5821	93.5289	
170.0000	-60.4688	72.0631	
175.0000	-58.8041	74.2939	
180.0000	-58.4715	80.8833	
			
			
			
[Side Lobes Table]
			
No.	Rel Ampl	Azimuth  [deg]	Absolute Ampl
1L	-1.74	140.00	-59.11
2L	-1.83	130.00	-59.19
3L	-3.02	115.00	-60.38
		 	
File Name:	uwb_dipole.rff		
			
Polarizat.	0.000	Phase	
Frequency	3.000 G	 [GHz]	
Roll  	5.000	[deg]	
Ch.	Channel1		
Beam			
Switch			
Dir	0.00	dBi	
Azimuth  [deg]	Amplitude (dB)	Phase [Deg]	
-180.0000	-58.4451	78.2144	
-175.0000	-58.7983	82.5870	
-170.0000	-60.2516	88.3377	
-165.0000	-61.9976	101.9789	
-160.0000	-60.9249	120.4106	
-155.0000	-58.8247	116.4242	
-150.0000	-59.2961	103.9250	
-145.0000	-62.3546	108.2174	
-140.0000	-61.4337	129.0842	
-135.0000	-59.9748	128.0196	
-130.0000	-59.1000	130.5205	
-125.0000	-59.0034	121.2342	
-120.0000	-60.1401	126.0577	
-115.0000	-62.5017	123.5128	
-110.0000	-61.4060	151.5108	
-105.0000	-59.7249	155.7779	
-100.0000	-59.6563	141.4074	
-95.0000	-60.5964	154.7180	
-90.0000	-62.1357	153.2535	
-85.0000	-61.9552	176.8187	
-80.0000	-59.3028	179.5093	
-75.0000	-59.6099	168.8641	
-70.0000	-60.7785	173.4263	
-65.0000	-61.9970	-178.6360	
-60.0000	-59.7670	-164.6027	
-55.0000	-60.5560	-176.8132	
-50.0000	-60.6412	-158.0115	
-45.0000	-59.7085	-162.8168	
-40.0000	-60.2568	-155.1144	
-35.0000	-59.4793	-153.3084	
-30.0000	-60.2451	-152.1612	
-25.0000	-60.0527	-142.3046	
-20.0000	-58.9896	-139.8531	
-15.0000	-58.6243	-141.3627	
-10.0000	-58.8363	-142.5609	
-5.0000	-58.9090	-141.8210	
0.0000	-58.8536	-140.3104	
5.0000	-58.7314	-139.8151	
10.0000	-58.5855	-139.6580	
15.0000	-58.3799	-139.3444	
20.0000	-58.1252	-138.3137	
25.0000	-58.2726	-136.2451	
30.0000	-58.6308	-137.8553	
35.0000	-58.7596	-142.7257	
40.0000	-58.3629	-146.1330	
45.0000	-58.3451	-147.6245	
50.0000	-58.4101	-149.2778	
55.0000	-58.5858	-154.0342	
60.0000	-57.8387	-158.2879	
65.0000	-58.0467	-152.6019	
70.0000	-59.4546	-165.7788	
75.0000	-57.4236	-166.0574	
80.0000	-59.4667	-170.8901	
85.0000	-58.5757	-175.1427	
90.0000	-58.6092	177.8060	
95.0000	-59.3573	175.5356	
100.0000	-58.5044	172.1297	
105.0000	-58.4187	161.1374	
110.0000	-59.4265	168.1254	
115.0000	-58.7688	156.6480	
120.0000	-60.3536	151.5309	
125.0000	-60.6706	147.7940	
130.0000	-60.0942	130.6602	
135.0000	-60.5325	130.5631	
140.0000	-59.6682	117.5148	
145.0000	-59.6627	119.1607	
150.0000	-59.8154	104.8394	
155.0000	-57.9264	104.8503	
160.0000	-58.9120	114.6661	
165.0000	-62.2202	107.0144	
170.0000	-61.7952	77.2140	
175.0000	-59.3275	72.8012	
180.0000	-58.4570	78.4551	
			
			
			
[Side Lobes Table]
			
No.	Rel Ampl	Azimuth  [deg]	Absolute Ampl
1L	-0.42	60.00	-57.84
2L	-0.92	45.00	-58.35
3L	-0.70	20.00	-58.13
1R	-1.15	85.00	-58.58
2R	-1.00	105.00	-58.42
3R	-1.35	115.00	-58.77
		 	
File Name:	uwb_dipole.rff		
			
Polarizat.	0.000	Phase	
Frequency	3.000 G	 [GHz]	
Roll  	10.000	[deg]	
Ch.	Channel1		
Beam			
Switch			
Dir	0.00	dBi	
Azimuth  [deg]	Amplitude (dB)	Phase [Deg]	
-180.0000	-58.5424	78.8156	
-175.0000	-59.4755	82.3975	
-170.0000	-61.4495	89.1769	
-165.0000	-62.7067	110.5461	
-160.0000	-60.3245	121.5648	
-155.0000	-58.5161	109.0422	
-150.0000	-59.8352	95.2513	
-145.0000	-62.9595	100.6444	
-140.0000	-62.7947	119.4212	
-135.0000	-62.2962	127.7616	
-130.0000	-60.0583	132.4657	
-125.0000	-60.2929	126.7487	
-120.0000	-59.2766	123.2309	
-115.0000	-63.0942	115.0122	
-110.0000	-64.7516	139.5546	
-105.0000	-60.8915	160.6839	
-100.0000	-61.5130	147.4915	
-95.0000	-60.4539	149.1934	
-90.0000	-63.3902	144.5278	
-85.0000	-64.0501	171.0225	
-80.0000	-61.7058	178.1848	
-75.0000	-60.7251	175.0009	
-70.0000	-61.0680	167.6057	
-65.0000	-63.6078	-176.5065	
-60.0000	-60.5853	-171.2219	
-55.0000	-62.0290	-172.7197	
-50.0000	-60.4955	-163.7596	
-45.0000	-61.2298	-165.7327	
-40.0000	-60.6410	-154.1670	
-35.0000	-60.0918	-156.3440	
-30.0000	-60.9424	-151.0738	
-25.0000	-60.1811	-141.7746	
-20.0000	-59.1251	-141.6951	
-15.0000	-58.9465	-143.3785	
-10.0000	-59.0846	-143.7051	
-5.0000	-59.0991	-141.6597	
0.0000	-59.0439	-140.5368	
5.0000	-58.8163	-139.9744	
10.0000	-58.5127	-139.5894	
15.0000	-58.1001	-138.2785	
20.0000	-57.9203	-136.3006	
25.0000	-58.1030	-134.7185	
30.0000	-58.6582	-137.4628	
35.0000	-58.5042	-143.0365	
40.0000	-57.9832	-144.7948	
45.0000	-57.9723	-145.7428	
50.0000	-58.1768	-147.8035	
55.0000	-58.4048	-154.6843	
60.0000	-57.0763	-157.1735	
65.0000	-57.8130	-151.7120	
70.0000	-58.0367	-166.6369	
75.0000	-57.8403	-161.4975	
80.0000	-57.9318	-174.4132	
85.0000	-58.6540	-171.9415	
90.0000	-57.8350	-179.2268	
95.0000	-58.3264	173.3400	
100.0000	-58.8238	173.2685	
105.0000	-57.4703	165.1761	
110.0000	-58.9713	157.9153	
115.0000	-58.0898	162.3220	
120.0000	-59.1983	154.6199	
125.0000	-60.6890	147.1664	
130.0000	-59.3596	139.2559	
135.0000	-61.1702	132.6791	
140.0000	-59.7400	121.1654	
145.0000	-60.4728	118.9242	
150.0000	-59.6559	104.8966	
155.0000	-58.4644	111.0639	
160.0000	-60.7306	118.3717	
165.0000	-63.3847	97.0138	
170.0000	-61.1355	73.5322	
175.0000	-58.9300	74.5580	
180.0000	-58.5241	78.5226	
			
			
			
[Side Lobes Table]
			
No.	Rel Ampl	Azimuth  [deg]	Absolute Ampl
1L	-0.90	45.00	-57.97
2L	-0.84	20.00	-57.92
3L	-1.87	-15.00	-58.95
1R	-0.76	75.00	-57.84
2R	-0.76	90.00	-57.84
3R	-0.39	105.00	-57.47
		 	
File Name:	uwb_dipole.rff		
			
Polarizat.	0.000	Phase	
Frequency	3.000 G	 [GHz]	
Roll  	15.000	[deg]	
Ch.	Channel1		
Beam			
Switch			
Dir	0.00	dBi	
Azimuth  [deg]	Amplitude (dB)	Phase [Deg]	
-180.0000	-58.6855	76.9591	
-175.0000	-59.1570	79.9362	
-170.0000	-61.1030	83.5400	
-165.0000	-63.7086	98.1570	
-160.0000	-62.4167	121.0457	
-155.0000	-59.2149	117.0524	
-150.0000	-58.6937	100.8090	
-145.0000	-60.6249	89.7257	
-140.0000	-63.0172	97.8861	
-135.0000	-63.8536	104.8012	
-130.0000	-64.5445	127.3802	
-125.0000	-62.4269	129.3225	
-120.0000	-61.2078	138.1552	
-115.0000	-60.1796	117.9637	
-110.0000	-62.2303	112.9163	
-105.0000	-67.8084	130.7691	
-100.0000	-64.4339	149.3895	
-95.0000	-62.2373	163.3702	
-90.0000	-61.5072	140.6322	
-85.0000	-64.5055	144.0085	
-80.0000	-65.0350	157.7111	
-75.0000	-64.2823	174.7819	
-70.0000	-61.9273	173.8137	
-65.0000	-63.3284	163.1208	
-60.0000	-63.4704	-175.9434	
-55.0000	-63.1136	-176.2990	
-50.0000	-61.9878	-163.0963	
-45.0000	-61.2078	-172.8552	
-40.0000	-62.6057	-162.7474	
-35.0000	-60.8848	-155.9677	
-30.0000	-61.1484	-158.0075	
-25.0000	-61.2050	-147.3195	
-20.0000	-59.9883	-142.8766	
-15.0000	-59.2720	-143.8410	
-10.0000	-59.3161	-145.9569	
-5.0000	-59.3917	-144.7311	
0.0000	-59.3443	-142.4215	
5.0000	-59.1405	-140.7198	
10.0000	-58.7680	-139.7871	
15.0000	-58.2729	-138.2970	
20.0000	-57.8225	-135.9730	
25.0000	-57.8037	-133.5923	
30.0000	-58.3930	-133.0261	
35.0000	-58.6570	-139.6546	
40.0000	-58.0594	-143.5118	
45.0000	-57.7008	-144.7981	
50.0000	-57.6850	-144.7253	
55.0000	-58.3240	-147.2014	
60.0000	-57.9000	-157.3643	
65.0000	-56.8932	-155.4161	
70.0000	-58.0169	-160.0638	
75.0000	-56.8489	-161.6836	
80.0000	-58.2473	-169.1681	
85.0000	-57.5243	-170.7719	
90.0000	-57.5655	-179.7185	
95.0000	-58.4762	-178.8468	
100.0000	-57.7711	176.2735	
105.0000	-57.8079	163.9969	
110.0000	-58.7929	171.0910	
115.0000	-57.6818	153.9670	
120.0000	-58.1882	156.9572	
125.0000	-58.9215	157.6090	
130.0000	-59.4439	140.6030	
135.0000	-59.5694	145.9253	
140.0000	-60.3746	132.5742	
145.0000	-60.1282	128.8731	
150.0000	-60.8620	115.8844	
155.0000	-58.9858	112.3082	
160.0000	-59.7816	122.7431	
165.0000	-63.2404	115.4282	
170.0000	-62.9970	82.9498	
175.0000	-59.8217	73.3920	
180.0000	-58.7019	76.5312	
			
			
			
[Side Lobes Table]
			
No.	Rel Ampl	Azimuth  [deg]	Absolute Ampl
1L	-0.04	65.00	-56.89
2L	-0.84	50.00	-57.68
3L	-0.95	25.00	-57.80
1R	-0.68	85.00	-57.52
2R	-0.92	100.00	-57.77
3R	-0.83	115.00	-57.68
		 	
File Name:	uwb_dipole.rff		
			
Polarizat.	0.000	Phase	
Frequency	3.000 G	 [GHz]	
Roll  	20.000	[deg]	
Ch.	Channel1		
Beam			
Switch			
Dir	0.00	dBi	
Azimuth  [deg]	Amplitude (dB)	Phase [Deg]	
-180.0000	-58.9839	77.5977	
-175.0000	-60.0352	78.6234	
-170.0000	-62.6491	82.0709	
-165.0000	-65.0984	105.5175	
-160.0000	-62.0507	122.8824	
-155.0000	-59.2948	111.7248	
-150.0000	-59.3472	96.4590	
-145.0000	-61.1220	90.1422	
-140.0000	-61.9125	92.8653	
-135.0000	-63.6506	86.4666	
-130.0000	-66.1371	108.6519	
-125.0000	-67.0792	120.1727	
-120.0000	-62.9135	141.1845	
-115.0000	-62.2502	126.2584	
-110.0000	-61.8968	112.2151	
-105.0000	-65.0213	111.2698	
-100.0000	-71.0783	115.1997	
-95.0000	-64.1654	163.9978	
-90.0000	-63.1920	140.3283	
-85.0000	-65.2101	139.8369	
-80.0000	-66.3265	148.6393	
-75.0000	-66.2943	166.3314	
-70.0000	-63.8530	167.2266	
-65.0000	-64.8106	166.8317	
-60.0000	-64.0264	170.0765	
-55.0000	-66.6136	-178.7593	
-50.0000	-62.1746	-163.1259	
-45.0000	-62.4366	-176.8057	
-40.0000	-63.0225	-163.0058	
-35.0000	-61.8734	-160.1161	
-30.0000	-62.1994	-154.7607	
-25.0000	-61.3140	-145.1444	
-20.0000	-60.0580	-144.0361	
-15.0000	-59.5782	-146.9704	
-10.0000	-59.6833	-147.3924	
-5.0000	-59.7380	-144.8562	
0.0000	-59.6678	-142.0363	
5.0000	-59.2865	-139.9932	
10.0000	-58.7661	-138.7947	
15.0000	-58.1437	-137.1328	
20.0000	-57.6577	-133.6361	
25.0000	-57.8563	-131.2558	
30.0000	-58.5330	-132.9033	
35.0000	-58.4590	-140.3037	
40.0000	-57.8584	-142.5678	
45.0000	-57.5240	-143.5121	
50.0000	-57.4653	-143.6738	
55.0000	-58.1616	-147.2629	
60.0000	-57.4817	-155.3324	
65.0000	-57.5259	-153.6090	
70.0000	-57.4208	-164.3357	
75.0000	-57.0649	-159.8724	
80.0000	-57.2818	-168.6520	
85.0000	-58.4653	-170.7268	
90.0000	-57.0416	-177.7271	
95.0000	-57.7923	177.9170	
100.0000	-58.7552	176.4378	
105.0000	-56.7385	169.7553	
110.0000	-59.1515	166.0041	
115.0000	-58.2891	158.8209	
120.0000	-57.5550	152.7047	
125.0000	-59.1583	156.1297	
130.0000	-58.5043	144.5708	
135.0000	-59.5441	142.9364	
140.0000	-59.2790	136.1267	
145.0000	-60.7957	132.6513	
150.0000	-60.1320	115.0932	
155.0000	-58.7972	120.9751	
160.0000	-60.7489	129.2629	
165.0000	-64.2831	110.7939	
170.0000	-62.0235	78.5870	
175.0000	-59.5786	74.9139	
180.0000	-58.9573	77.1887	
			
			
			
[Side Lobes Table]
			
No.	Rel Ampl	Azimuth  [deg]	Absolute Ampl
1L	-0.30	90.00	-57.04
2L	-0.33	75.00	-57.06
3L	-0.74	60.00	-57.48
1R	-0.82	120.00	-57.56
2R	-1.77	130.00	-58.50
3R	-2.54	140.00	-59.28
		 	
File Name:	uwb_dipole.rff		
			
Polarizat.	0.000	Phase	
Frequency	3.000 G	 [GHz]	
Roll  	25.000	[deg]	
Ch.	Channel1		
Beam			
Switch			
Dir	0.00	dBi	
Azimuth  [deg]	Amplitude (dB)	Phase [Deg]	
-180.0000	-59.3693	76.6195	
-175.0000	-59.7438	77.2262	
-170.0000	-61.6637	76.8619	
-165.0000	-65.5356	86.7047	
-160.0000	-65.0790	115.8405	
-155.0000	-61.1007	116.0971	
-150.0000	-59.9458	103.3825	
-145.0000	-60.8478	94.7017	
-140.0000	-61.4422	97.3993	
-135.0000	-61.1092	88.3631	
-130.0000	-63.9885	80.5612	
-125.0000	-65.6188	81.5924	
-120.0000	-71.3278	116.0038	
-115.0000	-66.5207	122.9508	
-110.0000	-64.7195	132.7870	
-105.0000	-63.6480	121.7990	
-100.0000	-63.2440	96.5482	
-95.0000	-74.4149	95.9336	
-90.0000	-67.1671	153.6480	
-85.0000	-65.4706	134.7119	
-80.0000	-66.8442	131.5356	
-75.0000	-68.3434	142.4943	
-70.0000	-66.8629	156.7594	
-65.0000	-66.5032	156.7616	
-60.0000	-64.6144	166.8043	
-55.0000	-65.9189	147.5835	
-50.0000	-67.8811	-163.7781	
-45.0000	-63.2308	-172.4862	
-40.0000	-63.8339	-172.1997	
-35.0000	-63.1657	-165.7833	
-30.0000	-63.4762	-161.9596	
-25.0000	-62.7082	-148.7764	
-20.0000	-60.9238	-145.2475	
-15.0000	-60.0685	-147.7823	
-10.0000	-60.0695	-149.1874	
-5.0000	-60.2080	-147.2848	
0.0000	-60.0937	-143.7333	
5.0000	-59.7767	-140.6081	
10.0000	-59.2054	-138.6589	
15.0000	-58.4935	-137.1552	
20.0000	-57.8219	-134.0908	
25.0000	-57.7236	-130.8278	
30.0000	-58.3161	-130.3416	
35.0000	-58.6865	-136.3052	
40.0000	-58.2172	-141.4777	
45.0000	-57.8073	-142.4537	
50.0000	-57.4634	-144.8955	
55.0000	-57.6873	-143.7541	
60.0000	-57.9767	-150.8813	
65.0000	-57.3351	-152.1440	
70.0000	-58.3393	-157.9239	
75.0000	-57.2643	-162.2717	
80.0000	-57.4346	-168.9911	
85.0000	-57.3824	-165.1288	
90.0000	-57.9220	-179.2252	
95.0000	-58.0895	-179.2616	
100.0000	-57.4744	-177.3406	
105.0000	-58.0129	166.1745	
110.0000	-57.9148	173.8717	
115.0000	-58.0120	165.7540	
120.0000	-59.1572	153.7739	
125.0000	-57.9973	155.6102	
130.0000	-58.9355	145.0209	
135.0000	-59.0967	146.2202	
140.0000	-58.9635	134.9369	
145.0000	-59.2872	141.4171	
150.0000	-61.0068	125.7699	
155.0000	-58.8284	119.9495	
160.0000	-59.3432	130.0722	
165.0000	-62.7337	127.6475	
170.0000	-63.9348	92.5517	
175.0000	-60.9426	76.6539	
180.0000	-59.3947	76.5100	
			
			
			
[Side Lobes Table]
			
No.	Rel Ampl	Azimuth  [deg]	Absolute Ampl
1L	-0.07	65.00	-57.34
2L	-0.20	50.00	-57.46
3L	-0.46	25.00	-57.72
1R	-0.12	85.00	-57.38
2R	-0.21	100.00	-57.47
3R	-0.65	110.00	-57.91
		 	
File Name:	uwb_dipole.rff		
			
Polarizat.	0.000	Phase	
Frequency	3.000 G	 [GHz]	
Roll  	30.000	[deg]	
Ch.	Channel1		
Beam			
Switch			
Dir	0.00	dBi	
Azimuth  [deg]	Amplitude (dB)	Phase [Deg]	
-180.0000	-59.6725	76.4437	
-175.0000	-60.6124	74.9520	
-170.0000	-63.2324	73.4288	
-165.0000	-66.7877	88.7478	
-160.0000	-64.5640	112.3714	
-155.0000	-61.4450	106.1477	
-150.0000	-61.4430	96.0516	
-145.0000	-62.7951	97.9271	
-140.0000	-61.6578	102.5134	
-135.0000	-61.6887	88.7676	
-130.0000	-62.8613	85.5478	
-125.0000	-64.9130	64.0997	
-120.0000	-69.3312	93.7995	
-115.0000	-69.6013	84.7110	
-110.0000	-70.3260	114.4796	
-105.0000	-66.0511	134.7003	
-100.0000	-63.9344	95.5822	
-95.0000	-70.3913	80.5580	
-90.0000	-69.7969	133.4981	
-85.0000	-66.7484	125.7184	
-80.0000	-67.6964	111.6441	
-75.0000	-71.1897	130.4367	
-70.0000	-68.1563	144.7434	
-65.0000	-69.3198	158.0202	
-60.0000	-64.4512	156.8230	
-55.0000	-67.8832	136.0452	
-50.0000	-67.6166	-174.5218	
-45.0000	-65.3926	-176.6685	
-40.0000	-64.3557	-169.7220	
-35.0000	-64.0604	-172.4557	
-30.0000	-65.1051	-157.5366	
-25.0000	-62.7287	-144.5451	
-20.0000	-61.0178	-146.1519	
-15.0000	-60.5447	-149.4085	
-10.0000	-60.6392	-149.4886	
-5.0000	-60.6386	-145.7442	
0.0000	-60.3821	-142.1834	
5.0000	-59.8819	-138.8513	
10.0000	-59.2476	-137.5081	
15.0000	-58.3942	-135.5465	
20.0000	-57.8527	-132.7393	
25.0000	-57.9567	-129.2902	
30.0000	-58.7544	-131.0851	
35.0000	-58.7484	-136.8125	
40.0000	-58.3760	-140.4214	
45.0000	-58.0205	-143.0764	
50.0000	-57.7023	-144.2114	
55.0000	-58.0806	-144.5268	
60.0000	-57.7968	-151.4688	
65.0000	-57.6498	-150.0832	
70.0000	-58.2485	-158.1090	
75.0000	-58.2535	-161.2783	
80.0000	-57.2363	-169.0656	
85.0000	-58.3713	-166.6555	
90.0000	-57.9106	-173.7006	
95.0000	-57.9711	176.9638	
100.0000	-58.7975	-178.4493	
105.0000	-57.3534	168.9558	
110.0000	-58.6349	164.8360	
115.0000	-58.1830	169.5151	
120.0000	-58.6088	153.7586	
125.0000	-59.5673	156.2600	
130.0000	-58.6612	145.7053	
135.0000	-60.1636	141.8393	
140.0000	-58.7213	134.5945	
145.0000	-60.2954	138.1417	
150.0000	-60.1374	119.1816	
155.0000	-58.5007	123.7567	
160.0000	-60.2466	134.4638	
165.0000	-63.8164	121.7171	
170.0000	-63.2685	88.3056	
175.0000	-60.5851	77.0167	
180.0000	-59.6967	76.0578	
			
			
			
[Side Lobes Table]
			
No.	Rel Ampl	Azimuth  [deg]	Absolute Ampl
1L	-0.41	65.00	-57.65
2L	-0.47	50.00	-57.70
3L	-0.62	20.00	-57.85
1R	-0.67	90.00	-57.91
2R	-0.12	105.00	-57.35
3R	-0.95	115.00	-58.18
		 	
File Name:	uwb_dipole.rff		
			
Polarizat.	0.000	Phase	
Frequency	3.000 G	 [GHz]	
Roll  	35.000	[deg]	
Ch.	Channel1		
Beam			
Switch			
Dir	0.00	dBi	
Azimuth  [deg]	Amplitude (dB)	Phase [Deg]	
-180.0000	-60.3109	75.3521	
-175.0000	-60.3440	73.7919	
-170.0000	-62.1835	70.1410	
-165.0000	-65.5125	70.8001	
-160.0000	-66.1891	95.8880	
-155.0000	-62.8759	100.8944	
-150.0000	-61.8751	92.3352	
-145.0000	-63.6549	87.2689	
-140.0000	-64.3590	102.6043	
-135.0000	-62.9711	98.0082	
-130.0000	-63.2406	95.1226	
-125.0000	-62.4674	78.5197	
-120.0000	-67.7472	69.6327	
-115.0000	-65.9241	79.8148	
-110.0000	-67.9976	67.7710	
-105.0000	-73.3011	66.9972	
-100.0000	-67.5072	116.9115	
-95.0000	-66.6278	80.8294	
-90.0000	-71.5291	83.0817	
-85.0000	-71.0721	119.7513	
-80.0000	-66.3394	115.3031	
-75.0000	-68.0825	94.4246	
-70.0000	-71.0426	115.8178	
-65.0000	-71.0121	121.7767	
-60.0000	-68.5354	164.1437	
-55.0000	-65.8914	137.6674	
-50.0000	-69.8829	152.0273	
-45.0000	-68.0432	168.4955	
-40.0000	-66.6191	-170.4526	
-35.0000	-64.3006	-174.3642	
-30.0000	-66.1942	-173.2119	
-25.0000	-65.2562	-147.4048	
-20.0000	-62.3704	-143.8958	
-15.0000	-61.2136	-149.2901	
-10.0000	-61.1592	-150.6810	
-5.0000	-61.1719	-148.1198	
0.0000	-61.0340	-143.3518	
5.0000	-60.5023	-139.0990	
10.0000	-59.9470	-137.4368	
15.0000	-59.0755	-135.6227	
20.0000	-58.3062	-133.1628	
25.0000	-58.0552	-129.0729	
30.0000	-58.5667	-127.9402	
35.0000	-59.0855	-132.6470	
40.0000	-58.8027	-137.9011	
45.0000	-58.6008	-140.3059	
50.0000	-58.2253	-143.4291	
55.0000	-58.2738	-142.8941	
60.0000	-58.5559	-148.5539	
65.0000	-57.8121	-150.8259	
70.0000	-58.3175	-153.0187	
75.0000	-58.2860	-156.5941	
80.0000	-58.7051	-167.2797	
85.0000	-58.2381	-166.3420	
90.0000	-58.0325	-175.7108	
95.0000	-59.1629	-176.0241	
100.0000	-58.0358	-176.9642	
105.0000	-58.6967	167.9838	
110.0000	-58.9813	174.9132	
115.0000	-57.9396	165.1579	
120.0000	-59.4010	160.4632	
125.0000	-58.7681	161.9540	
130.0000	-59.9701	145.4994	
135.0000	-59.6611	149.6112	
140.0000	-60.3404	134.9807	
145.0000	-59.8061	138.9206	
150.0000	-61.2398	124.9973	
155.0000	-59.0288	118.1302	
160.0000	-59.1017	130.5051	
165.0000	-62.1979	131.7059	
170.0000	-64.3072	101.7249	
175.0000	-62.1070	79.7206	
180.0000	-60.3044	75.7103	
			
			
			
[Side Lobes Table]
			
No.	Rel Ampl	Azimuth  [deg]	Absolute Ampl
1L	-0.41	50.00	-58.23
2L	-0.24	25.00	-58.06
3L	-3.35	-10.00	-61.16
1R	-0.47	75.00	-58.29
2R	-0.22	90.00	-58.03
3R	-0.22	100.00	-58.04
		 	
File Name:	uwb_dipole.rff		
			
Polarizat.	0.000	Phase	
Frequency	3.000 G	 [GHz]	
Roll  	40.000	[deg]	
Ch.	Channel1		
Beam			
Switch			
Dir	0.00	dBi	
Azimuth  [deg]	Amplitude (dB)	Phase [Deg]	
-180.0000	-60.4964	73.4162	
-175.0000	-61.0614	70.4766	
-170.0000	-63.1883	65.6022	
-165.0000	-66.0993	72.1450	
-160.0000	-64.7292	91.5706	
-155.0000	-62.0570	90.1555	
-150.0000	-62.2911	81.3757	
-145.0000	-65.0029	79.3602	
-140.0000	-65.8961	92.8892	
-135.0000	-65.9981	93.8831	
-130.0000	-64.4193	96.9109	
-125.0000	-64.5854	67.6720	
-120.0000	-68.3718	79.1169	
-115.0000	-67.0587	71.1068	
-110.0000	-66.3488	71.4203	
-105.0000	-69.9004	60.4669	
-100.0000	-67.1179	83.0209	
-95.0000	-67.3053	64.0787	
-90.0000	-70.0159	60.3038	
-85.0000	-74.6584	113.4153	
-80.0000	-67.1601	109.2115	
-75.0000	-67.5796	94.2107	
-70.0000	-69.1785	95.1355	
-65.0000	-73.4205	106.9239	
-60.0000	-68.2338	146.1194	
-55.0000	-68.9655	131.6676	
-50.0000	-68.4614	155.5801	
-45.0000	-69.6585	153.6391	
-40.0000	-67.4914	-168.3057	
-35.0000	-65.0725	178.4176	
-30.0000	-67.9703	-173.2660	
-25.0000	-65.5798	-142.4071	
-20.0000	-62.4117	-145.3647	
-15.0000	-61.7388	-149.9241	
-10.0000	-61.7703	-150.0362	
-5.0000	-61.7079	-146.4315	
0.0000	-61.4292	-141.8891	
5.0000	-60.7836	-138.4979	
10.0000	-60.1101	-136.4990	
15.0000	-59.1488	-134.9764	
20.0000	-58.4327	-131.7844	
25.0000	-58.3677	-128.4679	
30.0000	-59.0371	-128.3627	
35.0000	-59.3520	-133.8453	
40.0000	-59.1174	-136.9378	
45.0000	-59.0212	-139.8736	
50.0000	-58.8048	-142.1456	
55.0000	-59.0549	-143.2441	
60.0000	-58.9782	-150.5281	
65.0000	-58.4909	-151.5797	
70.0000	-58.6854	-154.7900	
75.0000	-59.0731	-156.4569	
80.0000	-58.7134	-165.2570	
85.0000	-59.9772	-168.2094	
90.0000	-58.6604	-174.1580	
95.0000	-58.6830	178.4155	
100.0000	-60.1799	-172.3654	
105.0000	-58.3492	170.4071	
110.0000	-60.1266	168.3297	
115.0000	-59.3325	166.8372	
120.0000	-58.7169	154.3238	
125.0000	-59.9797	165.3619	
130.0000	-59.8495	146.0715	
135.0000	-60.6117	148.3376	
140.0000	-60.3795	139.3093	
145.0000	-61.8001	136.8125	
150.0000	-61.1003	114.9750	
155.0000	-58.9087	121.0064	
160.0000	-60.0640	132.2584	
165.0000	-63.6688	125.6428	
170.0000	-64.1863	94.0000	
175.0000	-61.8960	76.9077	
180.0000	-60.5275	73.2103	
			
			
			
[Side Lobes Table]
			
No.	Rel Ampl	Azimuth  [deg]	Absolute Ampl
1L	-0.31	90.00	-58.66
2L	-0.36	80.00	-58.71
3L	-0.14	65.00	-58.49
1R	-0.37	120.00	-58.72
2R	-1.50	130.00	-59.85
3R	-2.03	140.00	-60.38
		 	
File Name:	uwb_dipole.rff		
			
Polarizat.	0.000	Phase	
Frequency	3.000 G	 [GHz]	
Roll  	45.000	[deg]	
Ch.	Channel1		
Beam			
Switch			
Dir	0.00	dBi	
Azimuth  [deg]	Amplitude (dB)	Phase [Deg]	
-180.0000	-61.4828	72.6873	
-175.0000	-60.9290	70.1212	
-170.0000	-62.2774	65.9312	
-165.0000	-64.7607	64.3687	
-160.0000	-65.2694	81.3308	
-155.0000	-62.3718	90.7989	
-150.0000	-61.4289	84.1677	
-145.0000	-62.8879	75.1302	
-140.0000	-65.4928	77.2498	
-135.0000	-66.6192	78.3308	
-130.0000	-67.6883	87.9766	
-125.0000	-64.8061	76.0848	
-120.0000	-68.2202	51.4903	
-115.0000	-68.3227	59.6415	
-110.0000	-70.6261	70.9242	
-105.0000	-68.3326	60.6009	
-100.0000	-68.3890	86.8673	
-95.0000	-65.3619	71.5886	
-90.0000	-65.5113	58.9177	
-85.0000	-69.1302	36.5799	
-80.0000	-72.4581	92.4446	
-75.0000	-69.4771	99.1081	
-70.0000	-67.7381	93.5998	
-65.0000	-69.0676	84.3956	
-60.0000	-72.8479	124.4463	
-55.0000	-68.5816	122.5334	
-50.0000	-71.4447	151.2477	
-45.0000	-67.3480	144.7646	
-40.0000	-72.5636	165.9986	
-35.0000	-66.3035	-174.4951	
-30.0000	-66.8308	169.5916	
-25.0000	-69.3116	-154.8606	
-20.0000	-64.5523	-141.0776	
-15.0000	-62.5609	-147.6318	
-10.0000	-62.5386	-152.1181	
-5.0000	-62.5196	-149.3855	
0.0000	-62.3561	-144.3223	
5.0000	-61.8189	-139.6465	
10.0000	-61.1780	-137.8166	
15.0000	-60.1527	-135.7363	
20.0000	-59.1656	-133.3953	
25.0000	-58.6289	-130.3703	
30.0000	-59.0450	-127.1937	
35.0000	-59.6157	-130.7797	
40.0000	-59.6548	-134.8871	
45.0000	-59.5341	-138.0433	
50.0000	-59.4767	-139.8247	
55.0000	-59.4935	-140.5511	
60.0000	-60.1484	-144.5453	
65.0000	-59.5646	-152.4877	
70.0000	-59.5555	-152.9907	
75.0000	-59.4087	-156.2131	
80.0000	-59.8075	-162.4890	
85.0000	-59.7213	-160.2664	
90.0000	-60.3831	-174.3255	
95.0000	-60.5284	177.7810	
100.0000	-58.4433	-173.8217	
105.0000	-61.0104	171.0310	
110.0000	-60.0737	175.8807	
115.0000	-59.7610	165.4811	
120.0000	-61.1571	156.1951	
125.0000	-58.8775	162.0163	
130.0000	-61.5632	151.7158	
135.0000	-60.5012	149.3886	
140.0000	-60.8134	144.2111	
145.0000	-61.7263	147.1717	
150.0000	-63.6089	121.5447	
155.0000	-60.2048	113.2872	
160.0000	-59.7258	125.6831	
165.0000	-62.0789	130.5155	
170.0000	-64.9548	112.8226	
175.0000	-63.6275	81.1242	
180.0000	-61.5396	72.4670	
			
			
			
[Side Lobes Table]
			
No.	Rel Ampl	Azimuth  [deg]	Absolute Ampl
1L	-1.28	85.00	-59.72
2L	-0.97	75.00	-59.41
3L	-1.03	50.00	-59.48
1R	-1.32	115.00	-59.76
2R	-0.43	125.00	-58.88
3R	-2.06	135.00	-60.50
		 	
File Name:	uwb_dipole.rff		
			
Polarizat.	0.000	Phase	
Frequency	3.000 G	 [GHz]	
Roll  	50.000	[deg]	
Ch.	Channel1		
Beam			
Switch			
Dir	0.00	dBi	
Azimuth  [deg]	Amplitude (dB)	Phase [Deg]	
-180.0000	-61.6610	69.6498	
-175.0000	-61.5356	67.0562	
-170.0000	-63.2188	63.6065	
-165.0000	-65.3450	71.4594	
-160.0000	-63.8182	90.3610	
-155.0000	-61.5218	91.8879	
-150.0000	-61.4564	84.8248	
-145.0000	-63.3122	79.1587	
-140.0000	-64.9379	78.3507	
-135.0000	-66.8229	70.5226	
-130.0000	-66.5696	82.5859	
-125.0000	-64.5536	57.3492	
-120.0000	-66.8894	49.0500	
-115.0000	-66.6201	31.2326	
-110.0000	-70.1405	41.6407	
-105.0000	-73.6308	33.1828	
-100.0000	-68.5957	92.3453	
-95.0000	-65.7514	79.4064	
-90.0000	-63.9813	60.0994	
-85.0000	-68.4361	46.7219	
-80.0000	-70.1751	60.8759	
-75.0000	-70.9319	83.8745	
-70.0000	-68.8695	91.9965	
-65.0000	-70.2509	81.8524	
-60.0000	-69.3824	123.5365	
-55.0000	-70.5675	101.0018	
-50.0000	-70.2816	158.1725	
-45.0000	-68.6111	131.6701	
-40.0000	-72.8757	177.5670	
-35.0000	-66.8164	178.6375	
-30.0000	-69.4613	167.8857	
-25.0000	-69.2901	-145.0527	
-20.0000	-64.4839	-142.1802	
-15.0000	-63.3846	-151.2075	
-10.0000	-63.4069	-151.6237	
-5.0000	-63.2448	-147.4380	
0.0000	-63.1781	-142.6884	
5.0000	-62.6163	-138.1663	
10.0000	-61.6660	-135.8642	
15.0000	-60.5207	-134.8189	
20.0000	-59.4784	-133.0797	
25.0000	-59.1847	-129.8455	
30.0000	-59.6898	-128.6758	
35.0000	-60.2049	-132.6577	
40.0000	-60.0691	-135.9518	
45.0000	-60.0691	-137.3112	
50.0000	-60.1792	-138.9544	
55.0000	-60.3301	-139.6696	
60.0000	-61.1862	-145.0411	
65.0000	-60.5141	-151.7274	
70.0000	-60.5381	-153.9180	
75.0000	-60.6179	-155.9398	
80.0000	-60.1477	-164.9698	
85.0000	-61.0642	-160.1367	
90.0000	-61.4400	-167.8732	
95.0000	-60.8046	171.3879	
100.0000	-60.7041	-169.9046	
105.0000	-60.3978	173.5910	
110.0000	-61.4939	170.4064	
115.0000	-61.1645	172.7986	
120.0000	-60.8845	149.6183	
125.0000	-61.0177	165.9464	
130.0000	-61.5451	148.4231	
135.0000	-61.5632	145.0773	
140.0000	-60.5309	147.5354	
145.0000	-64.1314	152.0465	
150.0000	-64.1060	110.5594	
155.0000	-60.6376	114.8614	
160.0000	-60.9348	125.9283	
165.0000	-63.7328	126.1749	
170.0000	-65.7656	101.0616	
175.0000	-63.8218	75.4806	
180.0000	-61.6149	69.3048	
			
			
			
[Side Lobes Table]
			
No.	Rel Ampl	Azimuth  [deg]	Absolute Ampl
1L	-4.20	-15.00	-63.38
2L	-7.63	-35.00	-66.82
3L	-9.43	-45.00	-68.61
1R	-0.88	45.00	-60.07
2R	-1.33	65.00	-60.51
3R	-0.96	80.00	-60.15
		 	
File Name:	uwb_dipole.rff		
			
Polarizat.	0.000	Phase	
Frequency	3.000 G	 [GHz]	
Roll  	55.000	[deg]	
Ch.	Channel1		
Beam			
Switch			
Dir	0.00	dBi	
Azimuth  [deg]	Amplitude (dB)	Phase [Deg]	
-180.0000	-63.2474	68.0928	
-175.0000	-61.8465	66.0807	
-170.0000	-62.8004	64.8489	
-165.0000	-64.8859	67.7448	
-160.0000	-64.9141	89.8526	
-155.0000	-62.3213	98.6624	
-150.0000	-61.6555	94.6257	
-145.0000	-63.0550	89.9644	
-140.0000	-64.6144	90.3167	
-135.0000	-65.7416	80.3987	
-130.0000	-67.5974	86.2028	
-125.0000	-64.3330	76.7594	
-120.0000	-65.3424	57.8667	
-115.0000	-63.5343	47.3905	
-110.0000	-66.1379	27.6590	
-105.0000	-65.8168	16.4458	
-100.0000	-75.5649	14.5972	
-95.0000	-72.1908	81.2097	
-90.0000	-65.3611	82.1807	
-85.0000	-66.0221	55.2571	
-80.0000	-67.4702	64.9864	
-75.0000	-68.2699	63.1496	
-70.0000	-70.3610	67.9395	
-65.0000	-69.2689	78.2292	
-60.0000	-73.4716	106.0175	
-55.0000	-68.2823	107.5999	
-50.0000	-75.7891	131.0282	
-45.0000	-68.4480	142.7702	
-40.0000	-73.5235	132.5584	
-35.0000	-70.0982	-179.7446	
-30.0000	-68.2810	165.1313	
-25.0000	-72.7721	-173.3417	
-20.0000	-67.5805	-141.7365	
-15.0000	-64.6353	-150.0638	
-10.0000	-64.4013	-152.7633	
-5.0000	-64.2163	-150.5246	
0.0000	-64.2393	-146.1207	
5.0000	-63.9863	-139.8099	
10.0000	-63.0633	-135.5724	
15.0000	-61.7921	-134.1646	
20.0000	-60.7022	-133.9824	
25.0000	-59.9896	-132.2093	
30.0000	-60.1466	-130.4852	
35.0000	-60.8102	-131.8479	
40.0000	-61.0411	-137.0075	
45.0000	-60.7617	-138.4562	
50.0000	-60.8693	-138.0145	
55.0000	-60.9652	-138.8185	
60.0000	-61.6251	-138.5185	
65.0000	-62.1780	-148.4400	
70.0000	-61.6698	-152.4001	
75.0000	-61.6051	-155.7891	
80.0000	-62.2173	-162.7196	
85.0000	-60.9968	-163.8259	
90.0000	-61.6476	-163.6113	
95.0000	-64.3271	-174.7445	
100.0000	-60.6943	-179.0487	
105.0000	-62.1564	174.9197	
110.0000	-62.2705	179.2815	
115.0000	-61.3146	165.6157	
120.0000	-63.6861	161.1494	
125.0000	-60.8323	159.8685	
130.0000	-63.1447	154.8242	
135.0000	-62.8205	147.8712	
140.0000	-61.5560	138.5699	
145.0000	-61.8970	158.0601	
150.0000	-67.5232	136.8862	
155.0000	-63.3468	108.2262	
160.0000	-61.7960	118.1232	
165.0000	-63.0328	124.8470	
170.0000	-65.7444	114.0088	
175.0000	-66.0844	82.5924	
180.0000	-63.1033	68.0149	
			
			
			
[Side Lobes Table]
			
No.	Rel Ampl	Azimuth  [deg]	Absolute Ampl
1L	-4.23	-5.00	-64.22
2L	-8.29	-30.00	-68.28
3L	-8.46	-45.00	-68.45
1R	-0.77	45.00	-60.76
2R	-1.62	75.00	-61.61
3R	-1.01	85.00	-61.00
		 	
File Name:	uwb_dipole.rff		
			
Polarizat.	0.000	Phase	
Frequency	3.000 G	 [GHz]	
Roll  	60.000	[deg]	
Ch.	Channel1		
Beam			
Switch			
Dir	0.00	dBi	
Azimuth  [deg]	Amplitude (dB)	Phase [Deg]	
-180.0000	-63.0733	63.3554	
-175.0000	-62.3966	64.2445	
-170.0000	-64.1810	67.3689	
-165.0000	-66.3047	80.8532	
-160.0000	-64.6186	101.1198	
-155.0000	-62.7175	103.0349	
-150.0000	-63.4731	100.4196	
-145.0000	-65.1866	101.9330	
-140.0000	-66.4068	97.3917	
-135.0000	-69.2515	87.9284	
-130.0000	-67.7225	100.0567	
-125.0000	-66.0378	77.5658	
-120.0000	-65.1273	76.3068	
-115.0000	-64.0554	45.7739	
-110.0000	-64.7488	46.0799	
-105.0000	-64.9855	18.7761	
-100.0000	-69.5652	20.9929	
-95.0000	-75.1697	57.0852	
-90.0000	-66.6159	64.3851	
-85.0000	-69.8782	59.3289	
-80.0000	-68.2581	76.9196	
-75.0000	-67.1495	66.0598	
-70.0000	-69.8158	65.0033	
-65.0000	-71.2511	69.4615	
-60.0000	-71.1397	112.0060	
-55.0000	-71.5746	92.4400	
-50.0000	-72.2352	150.4869	
-45.0000	-70.0303	127.5529	
-40.0000	-75.8660	150.2348	
-35.0000	-69.9211	173.8541	
-30.0000	-70.6797	161.6691	
-25.0000	-73.6245	-158.9053	
-20.0000	-67.4499	-142.4316	
-15.0000	-65.6555	-149.9026	
-10.0000	-65.3434	-151.6367	
-5.0000	-65.1460	-148.8485	
0.0000	-65.5396	-144.4757	
5.0000	-65.0500	-136.8971	
10.0000	-63.6607	-133.2217	
15.0000	-62.3070	-134.1001	
20.0000	-61.3603	-134.4535	
25.0000	-61.0578	-133.1117	
30.0000	-61.4370	-131.3998	
35.0000	-62.1834	-133.8514	
40.0000	-62.1448	-138.4981	
45.0000	-61.7589	-138.8586	
50.0000	-61.9698	-138.2098	
55.0000	-61.9819	-138.4678	
60.0000	-63.2105	-136.9379	
65.0000	-63.5307	-148.1825	
70.0000	-63.1810	-152.2551	
75.0000	-63.0961	-153.1967	
80.0000	-63.4009	-165.4391	
85.0000	-62.6559	-163.9843	
90.0000	-62.6381	-159.5618	
95.0000	-64.6131	177.1016	
100.0000	-63.6338	-172.6640	
105.0000	-62.0873	173.8871	
110.0000	-64.3689	174.5670	
115.0000	-63.0458	172.2835	
120.0000	-63.5783	152.7985	
125.0000	-62.8907	167.5498	
130.0000	-64.0648	154.3114	
135.0000	-64.8455	141.4898	
140.0000	-61.5406	139.1974	
145.0000	-63.8582	159.2197	
150.0000	-68.1267	121.3302	
155.0000	-64.1231	110.1969	
160.0000	-63.3944	117.2033	
165.0000	-64.8773	121.0650	
170.0000	-67.5559	105.6852	
175.0000	-66.5132	71.8418	
180.0000	-63.0732	63.5066	
			
			
			
[Side Lobes Table]
			
No.	Rel Ampl	Azimuth  [deg]	Absolute Ampl
1L	-4.09	-5.00	-65.15
2L	-8.86	-35.00	-69.92
3L	-8.97	-45.00	-70.03
1R	-0.70	45.00	-61.76
2R	-2.04	75.00	-63.10
3R	-1.58	90.00	-62.64
		 	
File Name:	uwb_dipole.rff		
			
Polarizat.	0.000	Phase	
Frequency	3.000 G	 [GHz]	
Roll  	65.000	[deg]	
Ch.	Channel1		
Beam			
Switch			
Dir	0.00	dBi	
Azimuth  [deg]	Amplitude (dB)	Phase [Deg]	
-180.0000	-65.4053	59.5659	
-175.0000	-63.0324	61.6889	
-170.0000	-63.8215	67.7471	
-165.0000	-66.6048	79.1510	
-160.0000	-66.8056	104.7209	
-155.0000	-64.7016	110.9779	
-150.0000	-65.0401	107.9424	
-145.0000	-67.2073	110.3219	
-140.0000	-68.4995	109.8884	
-135.0000	-71.5147	91.9062	
-130.0000	-74.2345	113.8129	
-125.0000	-69.9763	94.9855	
-120.0000	-70.0317	91.9794	
-115.0000	-65.7978	68.8998	
-110.0000	-67.7030	59.8601	
-105.0000	-65.2353	41.9920	
-100.0000	-67.4892	39.7669	
-95.0000	-68.4831	25.5442	
-90.0000	-68.7265	63.3919	
-85.0000	-68.4629	36.8956	
-80.0000	-72.9587	66.6626	
-75.0000	-69.1822	87.4400	
-70.0000	-67.9239	63.7401	
-65.0000	-70.6326	66.6405	
-60.0000	-73.3323	89.6518	
-55.0000	-70.6737	91.7896	
-50.0000	-79.3315	134.0185	
-45.0000	-70.8415	138.8819	
-40.0000	-75.4268	123.7013	
-35.0000	-74.0317	175.7402	
-30.0000	-71.1870	164.1485	
-25.0000	-75.1978	171.7892	
-20.0000	-71.6776	-142.3979	
-15.0000	-67.5685	-146.0066	
-10.0000	-66.8129	-151.9437	
-5.0000	-66.4749	-152.8949	
0.0000	-67.1454	-149.6349	
5.0000	-67.2332	-139.1474	
10.0000	-65.9201	-134.0188	
15.0000	-64.0607	-134.2958	
20.0000	-62.9594	-135.7093	
25.0000	-62.3808	-135.2520	
30.0000	-62.4883	-132.4673	
35.0000	-63.3335	-132.4495	
40.0000	-63.8839	-139.0880	
45.0000	-63.2414	-142.4281	
50.0000	-63.1047	-138.7617	
55.0000	-63.3205	-139.8519	
60.0000	-63.3918	-134.7358	
65.0000	-65.1624	-139.7297	
70.0000	-65.0960	-147.9350	
75.0000	-64.5492	-153.0832	
80.0000	-65.4739	-154.7670	
85.0000	-64.3347	-166.0348	
90.0000	-63.4947	-167.8952	
95.0000	-66.2750	-164.1059	
100.0000	-64.4714	-173.3362	
105.0000	-65.5970	166.2608	
110.0000	-64.4077	-176.0527	
115.0000	-64.8507	166.2862	
120.0000	-66.5768	160.1756	
125.0000	-63.3349	158.7050	
130.0000	-65.1843	160.2814	
135.0000	-66.7579	156.3516	
140.0000	-65.1452	127.1840	
145.0000	-63.0456	148.9491	
150.0000	-67.8249	152.6802	
155.0000	-67.8442	116.0231	
160.0000	-65.8200	111.1990	
165.0000	-65.6135	114.2853	
170.0000	-67.4856	112.8686	
175.0000	-69.5231	82.3667	
180.0000	-65.4388	58.7676	
			
			
			
[Side Lobes Table]
			
No.	Rel Ampl	Azimuth  [deg]	Absolute Ampl
1L	-4.09	-5.00	-66.47
2L	-8.81	-30.00	-71.19
3L	-8.46	-45.00	-70.84
1R	-0.72	50.00	-63.10
2R	-2.17	75.00	-64.55
3R	-1.11	90.00	-63.49
		 	
File Name:	uwb_dipole.rff		
			
Polarizat.	0.000	Phase	
Frequency	3.000 G	 [GHz]	
Roll  	70.000	[deg]	
Ch.	Channel1		
Beam			
Switch			
Dir	0.00	dBi	
Azimuth  [deg]	Amplitude (dB)	Phase [Deg]	
-180.0000	-65.0404	54.0557	
-175.0000	-63.5955	62.7910	
-170.0000	-65.6319	74.8906	
-165.0000	-69.0045	99.8568	
-160.0000	-67.9015	117.9210	
-155.0000	-67.1688	113.6304	
-150.0000	-69.4595	111.2539	
-145.0000	-71.2083	114.3761	
-140.0000	-72.8941	91.3484	
-135.0000	-78.8391	54.4956	
-130.0000	-77.9227	90.0558	
-125.0000	-76.8539	61.8303	
-120.0000	-71.7685	86.6902	
-115.0000	-70.6473	47.2161	
-110.0000	-70.8399	61.6649	
-105.0000	-71.4135	42.8044	
-100.0000	-68.0682	55.0945	
-95.0000	-71.0787	50.2454	
-90.0000	-66.5403	55.7753	
-85.0000	-69.7150	34.7973	
-80.0000	-75.7809	50.5794	
-75.0000	-69.8495	87.8072	
-70.0000	-70.8572	62.3580	
-65.0000	-73.0591	77.9774	
-60.0000	-71.1610	94.2885	
-55.0000	-74.7985	62.2867	
-50.0000	-75.9152	164.2248	
-45.0000	-72.7895	124.1242	
-40.0000	-80.1001	142.1688	
-35.0000	-74.6424	175.1389	
-30.0000	-73.6396	162.0599	
-25.0000	-77.3583	-168.6415	
-20.0000	-71.5806	-142.4251	
-15.0000	-68.9307	-150.7571	
-10.0000	-68.3486	-153.5085	
-5.0000	-68.5524	-154.3375	
0.0000	-69.8723	-147.9314	
5.0000	-69.2589	-134.5852	
10.0000	-66.8750	-132.6465	
15.0000	-65.3067	-135.9596	
20.0000	-64.4564	-138.2443	
25.0000	-64.0408	-136.8814	
30.0000	-64.3126	-132.5245	
35.0000	-65.7381	-132.5972	
40.0000	-65.9817	-142.0725	
45.0000	-64.9294	-142.9321	
50.0000	-65.4123	-138.7769	
55.0000	-64.9068	-142.4400	
60.0000	-65.4293	-131.9860	
65.0000	-67.1259	-139.3900	
70.0000	-67.3183	-146.8394	
75.0000	-66.5778	-149.9205	
80.0000	-67.6357	-164.3217	
85.0000	-66.3869	-167.5040	
90.0000	-64.9933	-164.3830	
95.0000	-67.1791	-171.7314	
100.0000	-68.8212	-162.9863	
105.0000	-65.4443	165.2840	
110.0000	-67.1282	-177.4895	
115.0000	-67.3985	176.2906	
120.0000	-67.7044	146.5083	
125.0000	-65.5994	163.5728	
130.0000	-66.3870	161.9253	
135.0000	-70.3958	153.8002	
140.0000	-65.5346	127.1109	
145.0000	-65.5207	148.5182	
150.0000	-69.7180	141.6881	
155.0000	-70.0491	117.4541	
160.0000	-68.3241	105.0902	
165.0000	-67.7059	109.7718	
170.0000	-70.6221	107.2010	
175.0000	-70.3078	60.7393	
180.0000	-64.9226	54.2387	
			
			
			
[Side Lobes Table]
			
No.	Rel Ampl	Azimuth  [deg]	Absolute Ampl
1R	-3.57	-155.00	-67.17
2R	-7.05	-115.00	-70.65
3R	-4.47	-100.00	-68.07
		 	
File Name:	uwb_dipole.rff		
			
Polarizat.	0.000	Phase	
Frequency	3.000 G	 [GHz]	
Roll  	75.000	[deg]	
Ch.	Channel1		
Beam			
Switch			
Dir	0.00	dBi	
Azimuth  [deg]	Amplitude (dB)	Phase [Deg]	
-180.0000	-68.1198	42.2694	
-175.0000	-64.6748	56.5239	
-170.0000	-65.7821	73.7411	
-165.0000	-69.6484	100.0940	
-160.0000	-71.0918	129.5355	
-155.0000	-70.9220	119.2291	
-150.0000	-73.4298	102.3686	
-145.0000	-74.6449	100.8298	
-140.0000	-73.3862	82.4308	
-135.0000	-73.3270	42.3947	
-130.0000	-75.8471	43.1534	
-125.0000	-72.5028	33.6403	
-120.0000	-74.7131	44.9631	
-115.0000	-70.2343	32.5087	
-110.0000	-73.6119	15.7940	
-105.0000	-72.7090	-1.6635	
-100.0000	-79.9291	79.1086	
-95.0000	-73.9890	49.3256	
-90.0000	-69.5133	74.5334	
-85.0000	-69.8734	50.3568	
-80.0000	-70.6635	45.8576	
-75.0000	-74.3470	72.9428	
-70.0000	-71.7919	55.7720	
-65.0000	-76.7421	73.0973	
-60.0000	-73.2506	102.3637	
-55.0000	-71.7972	68.8629	
-50.0000	-92.1501	-110.0205	
-45.0000	-73.9525	146.7845	
-40.0000	-79.5420	111.5409	
-35.0000	-80.4056	179.5951	
-30.0000	-75.5033	171.0087	
-25.0000	-78.1861	163.4297	
-20.0000	-76.4395	-147.5048	
-15.0000	-71.8653	-150.2681	
-10.0000	-70.9491	-153.9490	
-5.0000	-70.3255	-156.9216	
0.0000	-72.3566	-156.4689	
5.0000	-73.2540	-135.9706	
10.0000	-70.8272	-128.1499	
15.0000	-68.0907	-133.6282	
20.0000	-67.2001	-139.7208	
25.0000	-66.4513	-140.6787	
30.0000	-66.3236	-135.9176	
35.0000	-67.1945	-128.9751	
40.0000	-69.1256	-137.0411	
45.0000	-68.0026	-146.7872	
50.0000	-67.5002	-137.4673	
55.0000	-68.2650	-143.1126	
60.0000	-67.0298	-137.6687	
65.0000	-68.8738	-131.8435	
70.0000	-69.7823	-136.6073	
75.0000	-69.6320	-147.9794	
80.0000	-71.4610	-145.7392	
85.0000	-69.1765	-166.5775	
90.0000	-68.5128	-173.4680	
95.0000	-69.0297	-164.9586	
100.0000	-68.2129	-160.5914	
105.0000	-74.3503	158.7078	
110.0000	-67.5780	176.9741	
115.0000	-68.9009	177.2593	
120.0000	-73.8738	170.2619	
125.0000	-68.3787	148.5711	
130.0000	-67.9439	158.1441	
135.0000	-70.1729	173.7668	
140.0000	-72.7205	127.0409	
145.0000	-67.7692	135.0494	
150.0000	-69.1777	146.1354	
155.0000	-72.1732	141.5860	
160.0000	-74.0858	105.0722	
165.0000	-70.4697	97.2108	
170.0000	-71.4413	110.8991	
175.0000	-75.9999	68.4148	
180.0000	-68.2261	41.8449	
			
			
			
[Side Lobes Table]
			
No.	Rel Ampl	Azimuth  [deg]	Absolute Ampl
1R	-6.25	-155.00	-70.92
2R	-8.65	-135.00	-73.33
3R	-7.83	-125.00	-72.50
		 	
File Name:	uwb_dipole.rff		
			
Polarizat.	0.000	Phase	
Frequency	3.000 G	 [GHz]	
Roll  	80.000	[deg]	
Ch.	Channel1		
Beam			
Switch			
Dir	0.00	dBi	
Azimuth  [deg]	Amplitude (dB)	Phase [Deg]	
-180.0000	-67.4520	36.9562	
-175.0000	-65.9676	61.9445	
-170.0000	-68.6204	91.1034	
-165.0000	-72.8225	138.6077	
-160.0000	-74.8468	147.8294	
-155.0000	-78.0193	86.0810	
-150.0000	-77.7941	63.3871	
-145.0000	-73.8102	74.4002	
-140.0000	-70.3894	60.2848	
-135.0000	-71.4054	46.8673	
-130.0000	-69.9773	52.8454	
-125.0000	-70.5205	36.4746	
-120.0000	-69.5019	40.7766	
-115.0000	-69.8614	16.2195	
-110.0000	-69.5011	9.2444	
-105.0000	-71.8472	-35.9742	
-100.0000	-79.5039	28.6595	
-95.0000	-79.8569	30.3840	
-90.0000	-78.1199	49.9773	
-85.0000	-74.3015	96.3071	
-80.0000	-72.6617	68.3173	
-75.0000	-71.8730	59.8592	
-70.0000	-77.3122	30.3340	
-65.0000	-81.1097	105.6862	
-60.0000	-73.2886	101.5642	
-55.0000	-76.1429	37.5320	
-50.0000	-79.2614	-146.0915	
-45.0000	-76.8095	130.5411	
-40.0000	-88.3167	86.9021	
-35.0000	-81.3798	-164.8122	
-30.0000	-78.3178	170.3961	
-25.0000	-82.2409	-174.2298	
-20.0000	-76.7327	-145.9510	
-15.0000	-74.8016	-151.7525	
-10.0000	-73.8437	-154.8463	
-5.0000	-74.1890	-161.4972	
0.0000	-79.2626	-154.5939	
5.0000	-76.9092	-115.2054	
10.0000	-72.7909	-124.5510	
15.0000	-71.0286	-135.3514	
20.0000	-70.4823	-146.0006	
25.0000	-69.5719	-143.7786	
30.0000	-69.3222	-134.9961	
35.0000	-71.4055	-123.2421	
40.0000	-73.7701	-140.3746	
45.0000	-70.8971	-144.5491	
50.0000	-72.1669	-130.8426	
55.0000	-71.9769	-146.2694	
60.0000	-70.8690	-129.0062	
65.0000	-72.3296	-132.3792	
70.0000	-73.2966	-130.3063	
75.0000	-71.5732	-135.5463	
80.0000	-76.4740	-154.3096	
85.0000	-72.4335	-159.4158	
90.0000	-71.1140	-170.5061	
95.0000	-72.0849	-171.2767	
100.0000	-73.0315	-134.9734	
105.0000	-75.1030	144.9180	
110.0000	-71.6291	173.2010	
115.0000	-71.7212	-166.9425	
120.0000	-79.3409	154.4032	
125.0000	-72.1929	146.2702	
130.0000	-69.8843	163.8398	
135.0000	-75.4419	-175.9184	
140.0000	-74.3218	122.0640	
145.0000	-71.8495	128.5009	
150.0000	-71.8506	142.8477	
155.0000	-78.2396	159.1602	
160.0000	-78.4099	65.8271	
165.0000	-73.1228	94.5918	
170.0000	-79.0545	115.4458	
175.0000	-75.6681	14.3927	
180.0000	-67.2708	37.4800	
			
			
			
[Side Lobes Table]
			
No.	Rel Ampl	Azimuth  [deg]	Absolute Ampl
1R	-4.42	-140.00	-70.39
2R	-4.01	-130.00	-69.98
3R	-3.53	-120.00	-69.50
		 	
File Name:	uwb_dipole.rff		
			
Polarizat.	0.000	Phase	
Frequency	3.000 G	 [GHz]	
Roll  	85.000	[deg]	
Ch.	Channel1		
Beam			
Switch			
Dir	0.00	dBi	
Azimuth  [deg]	Amplitude (dB)	Phase [Deg]	
-180.0000	-70.4733	6.1400	
-175.0000	-67.6128	44.2710	
-170.0000	-69.3011	85.0894	
-165.0000	-73.0812	138.6881	
-160.0000	-76.0302	-178.3954	
-155.0000	-89.7092	52.1729	
-150.0000	-76.2192	17.4704	
-145.0000	-74.8806	59.1423	
-140.0000	-69.7306	68.6583	
-135.0000	-69.4590	57.6442	
-130.0000	-69.1943	68.0326	
-125.0000	-68.8802	54.1327	
-120.0000	-69.2756	56.1202	
-115.0000	-70.0866	38.5041	
-110.0000	-70.0756	30.7293	
-105.0000	-70.0425	-2.0765	
-100.0000	-75.2485	-6.8571	
-95.0000	-72.4184	-3.3941	
-90.0000	-73.6601	-39.9303	
-85.0000	-75.4424	-136.4154	
-80.0000	-72.7822	119.7890	
-75.0000	-72.7310	78.0219	
-70.0000	-74.6189	27.8129	
-65.0000	-91.6278	70.8480	
-60.0000	-79.6018	112.0878	
-55.0000	-76.8114	71.4850	
-50.0000	-80.3668	-77.9827	
-45.0000	-78.5588	-176.7819	
-40.0000	-84.9630	76.6904	
-35.0000	-88.2098	-79.9629	
-30.0000	-81.8587	-156.3424	
-25.0000	-83.3079	165.4560	
-20.0000	-84.7945	-162.9626	
-15.0000	-80.6355	-153.5740	
-10.0000	-79.3556	-151.9231	
-5.0000	-77.5273	-157.7498	
0.0000	-84.2303	-177.0307	
5.0000	-86.0434	-70.2010	
10.0000	-78.7840	-96.5331	
15.0000	-75.9842	-123.9964	
20.0000	-76.6593	-143.0919	
25.0000	-75.5357	-157.0166	
30.0000	-74.2297	-143.5547	
35.0000	-74.7506	-119.6221	
40.0000	-80.1582	-108.7694	
45.0000	-79.1911	-152.2755	
50.0000	-76.2777	-121.3533	
55.0000	-81.7005	-122.4393	
60.0000	-76.9095	-129.8507	
65.0000	-79.1312	-115.2778	
70.0000	-77.8981	-118.9655	
75.0000	-78.0777	-141.0861	
80.0000	-78.7018	-95.5810	
85.0000	-77.2776	-170.5526	
90.0000	-78.1756	-166.6251	
95.0000	-76.1987	-160.6763	
100.0000	-75.2628	-145.4021	
105.0000	-86.1003	-55.0896	
110.0000	-80.0362	149.5345	
115.0000	-75.3214	170.6126	
120.0000	-79.0082	-131.3289	
125.0000	-86.1670	130.0849	
130.0000	-74.3923	143.8154	
135.0000	-74.7860	-158.5157	
140.0000	-92.1490	-170.3806	
145.0000	-81.4570	109.6579	
150.0000	-75.6865	121.2482	
155.0000	-76.4484	171.0689	
160.0000	-82.3642	-45.8651	
165.0000	-76.2733	45.3970	
170.0000	-79.6929	113.5191	
175.0000	-80.2998	-53.7395	
180.0000	-70.2170	10.0218	
			
			
			
[Side Lobes Table]
			
No.	Rel Ampl	Azimuth  [deg]	Absolute Ampl
1R	-1.27	-125.00	-68.88
2R	-2.43	-105.00	-70.04
3R	-4.81	-95.00	-72.42
		 	
File Name:	uwb_dipole.rff		
			
Polarizat.	0.000	Phase	
Frequency	3.000 G	 [GHz]	
Roll  	90.000	[deg]	
Ch.	Channel1		
Beam			
Switch			
Dir	0.00	dBi	
Azimuth  [deg]	Amplitude (dB)	Phase [Deg]	
-180.0000	-69.9459	9.6626	
-175.0000	-70.4777	60.3012	
-170.0000	-72.7488	122.2478	
-165.0000	-73.3717	-173.6023	
-160.0000	-80.1529	-125.3207	
-155.0000	-75.0134	-14.8984	
-150.0000	-75.9754	11.6770	
-145.0000	-71.9466	71.9047	
-140.0000	-69.2685	71.3790	
-135.0000	-70.3699	80.3110	
-130.0000	-68.8731	82.1112	
-125.0000	-70.9583	77.8702	
-120.0000	-71.5919	67.2024	
-115.0000	-74.0402	81.3026	
-110.0000	-72.0348	58.5140	
-105.0000	-72.4352	28.6730	
-100.0000	-71.3172	21.3796	
-95.0000	-67.6837	-11.9618	
-90.0000	-67.9946	-72.2989	
-85.0000	-70.5157	-146.1078	
-80.0000	-74.6614	138.9919	
-75.0000	-78.3486	69.1509	
-70.0000	-88.1790	-16.8494	
-65.0000	-84.3096	86.3236	
-60.0000	-90.5053	58.5477	
-55.0000	-83.4648	-8.0202	
-50.0000	-77.5232	-96.8149	
-45.0000	-83.2732	-174.6159	
-40.0000	-82.9062	3.1547	
-35.0000	-81.0663	-71.9122	
-30.0000	-85.5090	-168.8036	
-25.0000	-91.7354	115.8141	
-20.0000	-97.2906	-170.2477	
-15.0000	-97.1965	-141.9203	
-10.0000	-87.1668	-140.1273	
-5.0000	-87.4024	161.4351	
0.0000	-84.6366	45.6372	
5.0000	-81.4623	-12.8722	
10.0000	-83.1289	-69.3411	
15.0000	-86.7032	-108.4492	
20.0000	-87.9765	120.3931	
25.0000	-85.7950	135.7938	
30.0000	-87.8163	-129.1449	
35.0000	-82.3978	-48.7766	
40.0000	-83.2112	13.1896	
45.0000	-95.5176	-66.7676	
50.0000	-80.5066	-27.1098	
55.0000	-83.3690	7.7799	
60.0000	-82.2489	-39.9348	
65.0000	-86.3142	-16.1441	
70.0000	-82.8185	-32.9134	
75.0000	-80.7918	-88.5237	
80.0000	-79.6376	-3.2697	
85.0000	-90.2799	-133.2156	
90.0000	-86.3655	176.1660	
95.0000	-81.5345	-132.6152	
100.0000	-77.0644	-76.5536	
105.0000	-78.8273	-16.7958	
110.0000	-88.5442	32.5231	
115.0000	-82.3856	-144.0572	
120.0000	-80.2443	-67.3894	
125.0000	-82.9213	9.6323	
130.0000	-80.1435	170.3493	
135.0000	-78.1871	-100.3448	
140.0000	-83.1916	-54.9185	
145.0000	-80.9825	12.2965	
150.0000	-80.9230	137.3612	
155.0000	-76.9115	-104.7982	
160.0000	-73.7242	-30.2132	
165.0000	-80.0117	40.1186	
170.0000	-80.2192	-116.2906	
175.0000	-72.0176	-52.0748	
180.0000	-70.0378	7.8651	
			
			
			
[Side Lobes Table]
			
No.	Rel Ampl	Azimuth  [deg]	Absolute Ampl
1L	-4.35	-110.00	-72.03
2L	-1.19	-130.00	-68.87
3L	-1.58	-140.00	-69.27
1R	-16.63	-65.00	-84.31
2R	-9.84	-50.00	-77.52
3R	-13.38	-35.00	-81.07
		 	
File Name:	uwb_dipole.rff		
			
Polarizat.	0.000	Phase	
Frequency	3.000 G	 [GHz]	
Roll  	95.000	[deg]	
Ch.	Channel1		
Beam			
Switch			
Dir	0.00	dBi	
Azimuth  [deg]	Amplitude (dB)	Phase [Deg]	
-180.0000	-69.5136	-37.1912	
-175.0000	-72.5998	22.8610	
-170.0000	-74.8927	120.3009	
-165.0000	-72.3000	-176.1323	
-160.0000	-74.9647	-127.3183	
-155.0000	-74.6203	-42.2158	
-150.0000	-73.6884	-18.2414	
-145.0000	-76.6284	67.2374	
-140.0000	-70.8463	81.3343	
-135.0000	-72.6916	89.4027	
-130.0000	-70.7897	108.7937	
-125.0000	-73.4675	108.1539	
-120.0000	-74.1486	111.8383	
-115.0000	-74.7075	160.3489	
-110.0000	-71.4246	128.0917	
-105.0000	-71.0154	92.4868	
-100.0000	-71.7111	48.7087	
-95.0000	-67.5172	13.8895	
-90.0000	-66.1360	-47.4136	
-85.0000	-67.9482	-99.6410	
-80.0000	-74.0260	-154.3685	
-75.0000	-80.8762	-150.1669	
-70.0000	-84.1044	-127.0654	
-65.0000	-83.1042	144.1045	
-60.0000	-81.6326	-5.2208	
-55.0000	-85.5382	-79.0206	
-50.0000	-76.6951	-67.5302	
-45.0000	-76.3871	-111.6718	
-40.0000	-85.9983	11.5180	
-35.0000	-76.3997	-37.2806	
-30.0000	-82.3001	-86.7722	
-25.0000	-90.1825	65.3921	
-20.0000	-85.0565	32.6923	
-15.0000	-84.5166	27.2774	
-10.0000	-86.0928	17.6555	
-5.0000	-89.1490	72.6613	
0.0000	-78.9289	57.3797	
5.0000	-75.5370	27.9459	
10.0000	-78.0704	13.2041	
15.0000	-81.9698	23.0393	
20.0000	-78.0760	45.7047	
25.0000	-75.9990	58.2078	
30.0000	-77.3228	53.3941	
35.0000	-78.2014	17.1651	
40.0000	-74.5794	20.5868	
45.0000	-75.4119	35.4342	
50.0000	-75.5261	6.9156	
55.0000	-72.9324	18.8650	
60.0000	-75.3137	15.3571	
65.0000	-74.6124	17.8886	
70.0000	-76.4422	0.7885	
75.0000	-78.5642	3.9639	
80.0000	-72.1414	-22.0906	
85.0000	-77.8151	19.8938	
90.0000	-79.0335	8.4794	
95.0000	-88.4084	-29.4640	
100.0000	-77.1596	-46.3797	
105.0000	-73.3896	-26.9757	
110.0000	-75.1270	-9.3790	
115.0000	-80.2834	-5.0060	
120.0000	-76.8895	-60.4706	
125.0000	-74.1770	-34.9248	
130.0000	-81.5775	-7.7764	
135.0000	-76.3038	-77.0691	
140.0000	-75.4131	-56.2548	
145.0000	-73.0359	-43.0989	
150.0000	-78.6651	5.9693	
155.0000	-76.2463	-103.5434	
160.0000	-70.3160	-55.5411	
165.0000	-73.1225	-12.1342	
170.0000	-80.5933	-110.3285	
175.0000	-70.1480	-82.0532	
180.0000	-69.6056	-34.2844	
			
			
			
[Side Lobes Table]
			
No.	Rel Ampl	Azimuth  [deg]	Absolute Ampl
1L	-4.88	-105.00	-71.02
2L	-4.65	-130.00	-70.79
3L	-4.71	-140.00	-70.85
1R	-15.50	-60.00	-81.63
2R	-10.25	-45.00	-76.39
3R	-10.26	-35.00	-76.40
		 	
File Name:	uwb_dipole.rff		
			
Polarizat.	0.000	Phase	
Frequency	3.000 G	 [GHz]	
Roll  	100.000	[deg]	
Ch.	Channel1		
Beam			
Switch			
Dir	0.00	dBi	
Azimuth  [deg]	Amplitude (dB)	Phase [Deg]	
-180.0000	-69.7143	-36.4450	
-175.0000	-81.1644	49.8522	
-170.0000	-73.0919	172.1987	
-165.0000	-71.5790	-149.4718	
-160.0000	-74.8904	-88.6604	
-155.0000	-71.7238	-41.5760	
-150.0000	-78.4921	-39.8193	
-145.0000	-78.2271	97.4798	
-140.0000	-76.5684	97.6885	
-135.0000	-75.7433	150.8548	
-130.0000	-74.6112	149.1486	
-125.0000	-72.4681	175.6458	
-120.0000	-72.4519	-165.3117	
-115.0000	-66.8147	174.2929	
-110.0000	-67.6687	146.4514	
-105.0000	-69.8317	93.5591	
-100.0000	-72.2668	40.2206	
-95.0000	-67.7370	-16.3672	
-90.0000	-68.5257	-64.8295	
-85.0000	-70.2551	-98.4640	
-80.0000	-72.0982	-105.3509	
-75.0000	-72.2648	-126.0728	
-70.0000	-75.9581	-148.9738	
-65.0000	-86.7946	91.1785	
-60.0000	-76.0710	-71.0643	
-55.0000	-80.4287	-71.2715	
-50.0000	-73.1524	-73.4348	
-45.0000	-79.4102	-115.0245	
-40.0000	-76.4059	-12.7974	
-35.0000	-75.3523	-49.5873	
-30.0000	-89.8123	-25.2425	
-25.0000	-80.1611	26.3662	
-20.0000	-79.4049	26.5971	
-15.0000	-77.6478	26.8158	
-10.0000	-79.5724	27.4580	
-5.0000	-76.5585	55.3574	
0.0000	-72.4417	43.5580	
5.0000	-71.9095	30.9655	
10.0000	-73.8688	29.1687	
15.0000	-73.4492	37.0769	
20.0000	-71.0991	45.7442	
25.0000	-70.5791	46.5049	
30.0000	-71.5454	40.5756	
35.0000	-70.8445	27.2933	
40.0000	-69.8775	31.1754	
45.0000	-71.2371	28.9568	
50.0000	-69.2733	17.9927	
55.0000	-69.1429	23.9745	
60.0000	-69.5305	18.3512	
65.0000	-71.2014	22.9458	
70.0000	-71.1419	10.3116	
75.0000	-73.8276	-13.5757	
80.0000	-68.7128	2.9342	
85.0000	-74.0218	9.4858	
90.0000	-74.8209	9.6848	
95.0000	-74.6899	-25.8479	
100.0000	-71.8075	-17.8675	
105.0000	-70.4882	-18.7322	
110.0000	-71.2013	-15.5889	
115.0000	-73.9752	-18.5942	
120.0000	-71.4590	-43.2621	
125.0000	-70.5648	-23.9206	
130.0000	-74.3340	-44.2049	
135.0000	-71.1037	-49.3587	
140.0000	-71.2061	-55.4766	
145.0000	-69.4946	-33.5200	
150.0000	-78.3818	-35.2152	
155.0000	-69.1385	-76.1541	
160.0000	-67.5462	-42.0515	
165.0000	-76.0258	-26.3458	
170.0000	-70.8491	-99.8322	
175.0000	-66.9058	-73.3969	
180.0000	-70.0629	-34.3380	
			
			
			
[Side Lobes Table]
			
No.	Rel Ampl	Azimuth  [deg]	Absolute Ampl
1L	-4.91	-155.00	-71.72
2L	-4.76	-165.00	-71.58
1R	-0.92	-95.00	-67.74
2R	-9.26	-60.00	-76.07
3R	-6.34	-50.00	-73.15
		 	
File Name:	uwb_dipole.rff		
			
Polarizat.	0.000	Phase	
Frequency	3.000 G	 [GHz]	
Roll  	105.000	[deg]	
Ch.	Channel1		
Beam			
Switch			
Dir	0.00	dBi	
Azimuth  [deg]	Amplitude (dB)	Phase [Deg]	
-180.0000	-66.4226	-62.1893	
-175.0000	-76.2844	-40.8471	
-170.0000	-75.7046	-171.9807	
-165.0000	-70.8706	-154.9258	
-160.0000	-73.6483	-114.0112	
-155.0000	-72.1893	-61.0185	
-150.0000	-72.8941	-71.2657	
-145.0000	-78.6830	-144.8891	
-140.0000	-79.6456	174.7916	
-135.0000	-74.1801	-150.5921	
-130.0000	-70.8187	-160.5045	
-125.0000	-68.6060	-153.2933	
-120.0000	-68.1501	-160.9014	
-115.0000	-64.7044	-164.5006	
-110.0000	-66.2337	164.1510	
-105.0000	-69.3202	125.0669	
-100.0000	-83.2649	16.2841	
-95.0000	-75.7911	-9.7060	
-90.0000	-72.6091	-58.9037	
-85.0000	-69.9563	-64.5232	
-80.0000	-68.6603	-86.9272	
-75.0000	-67.8561	-114.0725	
-70.0000	-72.5812	-129.3000	
-65.0000	-77.3584	-149.0155	
-60.0000	-78.0776	-45.4366	
-55.0000	-77.2949	-91.9563	
-50.0000	-73.1818	-57.1814	
-45.0000	-73.1116	-94.0462	
-40.0000	-79.3326	-15.5752	
-35.0000	-72.7812	-33.4201	
-30.0000	-80.2498	-40.3309	
-25.0000	-78.0031	22.3390	
-20.0000	-75.7278	23.7854	
-15.0000	-74.3251	28.6613	
-10.0000	-74.2493	28.0348	
-5.0000	-74.1749	47.1305	
0.0000	-70.5467	48.5430	
5.0000	-68.8843	38.0140	
10.0000	-69.6808	34.4584	
15.0000	-70.0237	36.5379	
20.0000	-68.4302	40.7615	
25.0000	-67.6259	44.8719	
30.0000	-67.7528	41.5954	
35.0000	-67.8479	33.9953	
40.0000	-67.3716	31.3459	
45.0000	-67.5838	32.7784	
50.0000	-67.4584	21.1558	
55.0000	-66.5551	24.4718	
60.0000	-67.1407	20.8728	
65.0000	-67.0746	23.8223	
70.0000	-68.1927	12.3491	
75.0000	-69.0018	16.2556	
80.0000	-66.6698	-6.0178	
85.0000	-68.7309	17.6642	
90.0000	-70.4113	0.7266	
95.0000	-71.5146	-11.7626	
100.0000	-67.9210	-10.2337	
105.0000	-69.1153	-17.5797	
110.0000	-68.0229	-20.4646	
115.0000	-68.6917	-13.6145	
120.0000	-70.6653	-33.3106	
125.0000	-67.5831	-35.7457	
130.0000	-69.7814	-31.7735	
135.0000	-68.2089	-47.4634	
140.0000	-69.2313	-45.2124	
145.0000	-66.6817	-48.8305	
150.0000	-69.9015	-28.1067	
155.0000	-69.0897	-75.9744	
160.0000	-65.2363	-55.1725	
165.0000	-68.5540	-30.7418	
170.0000	-72.1199	-92.8075	
175.0000	-65.7719	-87.9306	
180.0000	-66.5894	-61.2118	
			
			
			
[Side Lobes Table]
			
No.	Rel Ampl	Azimuth  [deg]	Absolute Ampl
1L	-7.48	-155.00	-72.19
2L	-6.17	-165.00	-70.87
1R	-3.15	-75.00	-67.86
2R	-8.41	-45.00	-73.11
3R	-8.08	-35.00	-72.78
		 	
File Name:	uwb_dipole.rff		
			
Polarizat.	0.000	Phase	
Frequency	3.000 G	 [GHz]	
Roll  	110.000	[deg]	
Ch.	Channel1		
Beam			
Switch			
Dir	0.00	dBi	
Azimuth  [deg]	Amplitude (dB)	Phase [Deg]	
-180.0000	-67.2151	-63.3187	
-175.0000	-76.8841	-99.2858	
-170.0000	-71.2323	-151.3150	
-165.0000	-71.7520	-132.7218	
-160.0000	-74.4190	-82.5345	
-155.0000	-71.3811	-72.3134	
-150.0000	-71.2159	-115.6087	
-145.0000	-71.7294	-152.0096	
-140.0000	-71.2357	-139.1650	
-135.0000	-67.5539	-141.2212	
-130.0000	-67.0384	-146.4345	
-125.0000	-65.5426	-157.2351	
-120.0000	-66.3978	-154.4512	
-115.0000	-65.4182	-177.1302	
-110.0000	-68.9674	172.9909	
-105.0000	-86.8127	-173.3551	
-100.0000	-73.6243	-139.6608	
-95.0000	-82.5264	-69.4499	
-90.0000	-73.2126	-40.2776	
-85.0000	-67.2749	-71.2356	
-80.0000	-66.8903	-96.7898	
-75.0000	-69.6871	-118.0970	
-70.0000	-70.2104	-111.5465	
-65.0000	-78.8355	-133.1448	
-60.0000	-73.8554	-72.2093	
-55.0000	-75.5623	-62.0401	
-50.0000	-70.2622	-70.0789	
-45.0000	-76.7665	-82.8908	
-40.0000	-72.8577	-18.3271	
-35.0000	-73.3918	-39.8104	
-30.0000	-77.9986	3.3335	
-25.0000	-73.6693	22.2621	
-20.0000	-72.7189	28.0875	
-15.0000	-71.4488	31.8670	
-10.0000	-71.6771	36.1100	
-5.0000	-69.7985	48.7250	
0.0000	-67.3201	45.3642	
5.0000	-66.8023	38.1611	
10.0000	-67.3566	37.8039	
15.0000	-66.7920	38.7538	
20.0000	-65.6934	41.9448	
25.0000	-65.4933	42.6086	
30.0000	-65.7430	37.8140	
35.0000	-65.4287	34.3173	
40.0000	-65.3587	35.0783	
45.0000	-65.8468	30.6905	
50.0000	-64.9586	23.5674	
55.0000	-65.0653	25.6403	
60.0000	-64.8842	18.5218	
65.0000	-65.5698	20.1291	
70.0000	-64.8567	11.3369	
75.0000	-66.6154	6.1886	
80.0000	-64.3446	7.3898	
85.0000	-68.3795	8.1423	
90.0000	-67.8903	-2.8004	
95.0000	-66.5335	-13.8419	
100.0000	-66.8675	-3.9417	
105.0000	-66.6984	-23.1980	
110.0000	-65.5338	-20.3322	
115.0000	-67.2889	-16.1656	
120.0000	-66.7724	-38.2331	
125.0000	-65.8670	-30.9360	
130.0000	-66.8184	-43.2037	
135.0000	-66.0931	-40.5789	
140.0000	-66.5030	-53.2821	
145.0000	-64.9078	-41.8070	
150.0000	-69.5712	-50.5001	
155.0000	-64.8360	-69.3814	
160.0000	-64.1275	-44.8552	
165.0000	-70.7514	-45.5884	
170.0000	-66.8560	-96.3182	
175.0000	-63.9859	-79.4467	
180.0000	-67.5856	-62.9436	
			
			
			
[Side Lobes Table]
			
No.	Rel Ampl	Azimuth  [deg]	Absolute Ampl
1L	-0.14	160.00	-64.13
2L	-0.92	145.00	-64.91
3L	-2.11	135.00	-66.09
		 	
File Name:	uwb_dipole.rff		
			
Polarizat.	0.000	Phase	
Frequency	3.000 G	 [GHz]	
Roll  	115.000	[deg]	
Ch.	Channel1		
Beam			
Switch			
Dir	0.00	dBi	
Azimuth  [deg]	Amplitude (dB)	Phase [Deg]	
-180.0000	-64.0877	-73.9461	
-175.0000	-70.2795	-84.8472	
-170.0000	-70.5436	-132.5917	
-165.0000	-70.7572	-132.3517	
-160.0000	-74.9678	-92.2092	
-155.0000	-72.5624	-65.0265	
-150.0000	-70.2825	-108.4131	
-145.0000	-68.6467	-145.4922	
-140.0000	-69.1618	-144.9067	
-135.0000	-66.7699	-138.0350	
-130.0000	-66.1436	-146.6703	
-125.0000	-65.5553	-149.9675	
-120.0000	-68.0556	-155.6858	
-115.0000	-66.1926	-151.0721	
-110.0000	-69.5933	-152.8370	
-105.0000	-71.5070	-148.4194	
-100.0000	-68.1754	-126.1928	
-95.0000	-78.0511	-169.5292	
-90.0000	-75.4065	-56.0371	
-85.0000	-66.9925	-69.6300	
-80.0000	-67.4897	-96.1208	
-75.0000	-68.3783	-103.0024	
-70.0000	-68.0763	-97.2253	
-65.0000	-70.7817	-128.2523	
-60.0000	-75.1712	-60.8767	
-55.0000	-73.8390	-73.2173	
-50.0000	-70.6794	-54.0466	
-45.0000	-72.4972	-77.5774	
-40.0000	-73.5936	-17.5733	
-35.0000	-70.9456	-31.2119	
-30.0000	-75.7454	-7.9197	
-25.0000	-72.3841	18.5942	
-20.0000	-71.2943	25.1214	
-15.0000	-69.7560	31.1555	
-10.0000	-69.0809	34.8810	
-5.0000	-68.3991	44.3020	
0.0000	-66.3051	46.2165	
5.0000	-65.1260	40.8654	
10.0000	-65.2400	38.4925	
15.0000	-65.1206	37.8058	
20.0000	-64.2453	39.2922	
25.0000	-63.8278	41.5959	
30.0000	-63.9901	39.5619	
35.0000	-63.9014	35.9354	
40.0000	-63.7633	35.4327	
45.0000	-64.0415	33.6044	
50.0000	-63.7500	24.4164	
55.0000	-63.3973	24.4952	
60.0000	-63.5361	17.0638	
65.0000	-63.1669	17.7159	
70.0000	-63.6032	8.9307	
75.0000	-63.8574	16.2127	
80.0000	-63.5537	-0.2420	
85.0000	-65.3622	10.2926	
90.0000	-65.0169	-8.0503	
95.0000	-65.1506	-7.3387	
100.0000	-64.4724	-4.3636	
105.0000	-65.8784	-21.8384	
110.0000	-63.8309	-23.8820	
115.0000	-64.4870	-15.4459	
120.0000	-65.9604	-32.2336	
125.0000	-64.2683	-35.8988	
130.0000	-64.9172	-38.6062	
135.0000	-64.1343	-42.1798	
140.0000	-65.3161	-49.3706	
145.0000	-63.1838	-49.1796	
150.0000	-65.7385	-37.9679	
155.0000	-64.8690	-70.1276	
160.0000	-62.5005	-54.3386	
165.0000	-66.0361	-38.9890	
170.0000	-67.8018	-91.0331	
175.0000	-63.1709	-89.2077	
180.0000	-64.2713	-73.5306	
			
			
			
[Side Lobes Table]
			
No.	Rel Ampl	Azimuth  [deg]	Absolute Ampl
1L	-0.68	145.00	-63.18
2L	-1.63	135.00	-64.13
3L	-1.77	125.00	-64.27
1R	-0.67	175.00	-63.17
		 	
File Name:	uwb_dipole.rff		
			
Polarizat.	0.000	Phase	
Frequency	3.000 G	 [GHz]	
Roll  	120.000	[deg]	
Ch.	Channel1		
Beam			
Switch			
Dir	0.00	dBi	
Azimuth  [deg]	Amplitude (dB)	Phase [Deg]	
-180.0000	-64.6294	-78.1206	
-175.0000	-68.5300	-106.9118	
-170.0000	-68.3953	-127.5704	
-165.0000	-72.5023	-106.3195	
-160.0000	-73.8155	-51.9710	
-155.0000	-71.9075	-73.5607	
-150.0000	-68.9668	-130.1653	
-145.0000	-68.5227	-150.0137	
-140.0000	-68.3315	-137.0300	
-135.0000	-67.0684	-138.9147	
-130.0000	-67.7371	-136.5543	
-125.0000	-68.0843	-144.8486	
-120.0000	-68.6085	-118.9694	
-115.0000	-67.2437	-132.7809	
-110.0000	-66.3437	-130.9653	
-105.0000	-69.1207	-127.3752	
-100.0000	-69.2967	-149.9279	
-95.0000	-74.9724	-73.5869	
-90.0000	-69.2958	-77.8586	
-85.0000	-67.8508	-96.9874	
-80.0000	-69.1714	-83.1396	
-75.0000	-67.1687	-89.6826	
-70.0000	-67.5157	-107.2711	
-65.0000	-75.8030	-105.4437	
-60.0000	-71.7153	-66.9790	
-55.0000	-72.2982	-59.8700	
-50.0000	-70.4146	-61.2454	
-45.0000	-74.3493	-40.1187	
-40.0000	-70.1877	-19.6133	
-35.0000	-72.7024	-19.2334	
-30.0000	-71.8377	14.1466	
-25.0000	-69.9946	21.8892	
-20.0000	-68.9088	31.5418	
-15.0000	-67.4952	34.7571	
-10.0000	-67.1414	38.2752	
-5.0000	-65.7449	45.1098	
0.0000	-64.1758	43.7053	
5.0000	-63.6290	39.7182	
10.0000	-63.7033	38.2442	
15.0000	-63.2505	37.1434	
20.0000	-62.4849	39.2791	
25.0000	-62.5085	39.6772	
30.0000	-62.6814	37.2494	
35.0000	-62.3210	34.3370	
40.0000	-62.4866	35.3270	
45.0000	-62.8516	28.7299	
50.0000	-62.0329	23.3054	
55.0000	-62.2285	19.9556	
60.0000	-61.5032	15.4997	
65.0000	-62.0788	16.8700	
70.0000	-61.5783	12.3765	
75.0000	-63.7514	10.7800	
80.0000	-62.5282	3.7504	
85.0000	-64.3595	-4.8899	
90.0000	-62.7736	-3.8307	
95.0000	-63.4045	-8.0170	
100.0000	-64.4597	-9.5140	
105.0000	-62.8268	-25.3471	
110.0000	-62.4977	-21.8937	
115.0000	-63.8161	-21.2876	
120.0000	-63.4786	-36.0636	
125.0000	-63.0430	-35.8621	
130.0000	-62.8817	-41.8532	
135.0000	-63.3635	-41.5251	
140.0000	-63.0798	-54.2044	
145.0000	-62.2753	-43.4089	
150.0000	-65.3915	-53.4742	
155.0000	-62.0110	-64.8280	
160.0000	-62.3325	-46.0050	
165.0000	-67.6755	-58.7504	
170.0000	-64.0587	-93.8420	
175.0000	-61.9820	-83.9664	
180.0000	-64.8411	-78.1765	
			
			
			
[Side Lobes Table]
			
No.	Rel Ampl	Azimuth  [deg]	Absolute Ampl
1L	-0.53	50.00	-62.03
2L	-0.82	35.00	-62.32
3L	-0.98	20.00	-62.48
1R	-0.08	70.00	-61.58
2R	-1.03	80.00	-62.53
3R	-1.27	90.00	-62.77
		 	
File Name:	uwb_dipole.rff		
			
Polarizat.	0.000	Phase	
Frequency	3.000 G	 [GHz]	
Roll  	125.000	[deg]	
Ch.	Channel1		
Beam			
Switch			
Dir	0.00	dBi	
Azimuth  [deg]	Amplitude (dB)	Phase [Deg]	
-180.0000	-62.2228	-81.6681	
-175.0000	-65.6961	-95.5996	
-170.0000	-66.4384	-117.1379	
-165.0000	-69.3412	-109.5599	
-160.0000	-72.5327	-50.9592	
-155.0000	-70.4869	-46.5943	
-150.0000	-70.5850	-104.8928	
-145.0000	-69.8486	-141.6473	
-140.0000	-71.0578	-130.8017	
-135.0000	-69.1002	-117.4973	
-130.0000	-68.8640	-111.0349	
-125.0000	-67.2363	-111.9332	
-120.0000	-68.0166	-102.9566	
-115.0000	-64.8649	-118.0197	
-110.0000	-65.9752	-121.3542	
-105.0000	-68.6047	-136.3143	
-100.0000	-67.6342	-112.9100	
-95.0000	-71.7026	-99.4967	
-90.0000	-68.3309	-99.3811	
-85.0000	-69.7504	-95.5791	
-80.0000	-69.5605	-74.6069	
-75.0000	-66.0029	-88.5679	
-70.0000	-68.2819	-97.4229	
-65.0000	-71.5154	-98.2670	
-60.0000	-72.5929	-61.0624	
-55.0000	-71.7371	-61.4147	
-50.0000	-71.1510	-54.0241	
-45.0000	-72.4438	-39.0968	
-40.0000	-70.0160	-18.7121	
-35.0000	-70.8722	-17.7941	
-30.0000	-70.4849	11.5605	
-25.0000	-68.8906	20.0680	
-20.0000	-68.2305	29.1519	
-15.0000	-66.4349	34.9090	
-10.0000	-65.6780	37.3697	
-5.0000	-65.0497	42.6276	
0.0000	-63.4641	43.2158	
5.0000	-62.6174	41.1689	
10.0000	-62.4648	39.1711	
15.0000	-62.1844	37.4473	
20.0000	-61.4348	37.5158	
25.0000	-61.3464	38.8040	
30.0000	-61.4995	36.5555	
35.0000	-61.3344	32.8286	
40.0000	-61.2248	33.1599	
45.0000	-61.6352	29.6320	
50.0000	-60.9959	21.4730	
55.0000	-60.7425	21.9125	
60.0000	-60.6061	13.8416	
65.0000	-60.2282	19.0139	
70.0000	-60.9183	12.5155	
75.0000	-61.4981	17.3928	
80.0000	-61.7925	-3.3731	
85.0000	-62.3735	-1.6552	
90.0000	-61.1243	-7.4241	
95.0000	-62.6745	-4.8328	
100.0000	-62.2747	-11.0952	
105.0000	-62.1269	-24.3848	
110.0000	-61.5644	-22.4514	
115.0000	-61.5882	-23.9516	
120.0000	-62.8392	-33.1202	
125.0000	-62.0145	-39.6486	
130.0000	-61.6406	-41.1309	
135.0000	-62.0917	-41.5935	
140.0000	-62.5274	-51.7533	
145.0000	-60.9491	-48.0636	
150.0000	-63.3689	-45.4941	
155.0000	-62.3075	-66.1036	
160.0000	-60.9049	-53.8632	
165.0000	-64.5873	-48.1483	
170.0000	-64.7604	-90.8307	
175.0000	-61.3850	-89.4525	
180.0000	-62.3801	-81.2563	
			
			
			
[Side Lobes Table]
			
No.	Rel Ampl	Azimuth  [deg]	Absolute Ampl
1L	-1.00	40.00	-61.22
2L	-1.12	25.00	-61.35
3L	-9.79	-40.00	-70.02
1R	-0.90	90.00	-61.12
2R	-1.34	110.00	-61.56
3R	-1.41	130.00	-61.64
		 	
File Name:	uwb_dipole.rff		
			
Polarizat.	0.000	Phase	
Frequency	3.000 G	 [GHz]	
Roll  	130.000	[deg]	
Ch.	Channel1		
Beam			
Switch			
Dir	0.00	dBi	
Azimuth  [deg]	Amplitude (dB)	Phase [Deg]	
-180.0000	-62.5605	-86.5658	
-175.0000	-64.5235	-106.5062	
-170.0000	-65.7634	-113.0299	
-165.0000	-70.0239	-77.7180	
-160.0000	-68.6793	-34.2955	
-155.0000	-68.5867	-53.1917	
-150.0000	-70.4270	-104.2003	
-145.0000	-71.8520	-109.7827	
-140.0000	-68.8959	-90.0961	
-135.0000	-66.6453	-90.7100	
-130.0000	-65.2630	-91.3303	
-125.0000	-65.6228	-105.2429	
-120.0000	-65.0592	-102.1437	
-115.0000	-66.1497	-119.7987	
-110.0000	-66.8728	-117.2553	
-105.0000	-67.9622	-94.4439	
-100.0000	-65.9064	-111.9101	
-95.0000	-68.3743	-105.2783	
-90.0000	-71.2680	-103.2335	
-85.0000	-69.4835	-75.3099	
-80.0000	-66.7355	-77.8654	
-75.0000	-68.4945	-94.2590	
-70.0000	-69.2069	-75.9744	
-65.0000	-71.4746	-82.0039	
-60.0000	-71.5781	-51.0654	
-55.0000	-70.8491	-54.4156	
-50.0000	-72.3953	-34.8009	
-45.0000	-69.6504	-19.2205	
-40.0000	-69.4479	-13.9485	
-35.0000	-70.0325	6.3255	
-30.0000	-68.0217	17.4991	
-25.0000	-67.4472	26.7525	
-20.0000	-65.9673	35.5595	
-15.0000	-64.7024	37.4429	
-10.0000	-64.1645	39.3314	
-5.0000	-63.1798	42.5519	
0.0000	-62.1689	42.2195	
5.0000	-61.5870	39.8594	
10.0000	-61.3876	38.4023	
15.0000	-60.8169	36.7704	
20.0000	-60.2138	37.1424	
25.0000	-60.3295	37.5539	
30.0000	-60.5590	34.0763	
35.0000	-60.1653	31.5830	
40.0000	-60.3306	31.5202	
45.0000	-60.4968	24.8779	
50.0000	-59.4750	20.8334	
55.0000	-59.7218	18.5678	
60.0000	-59.0200	14.4607	
65.0000	-60.0060	20.1777	
70.0000	-59.9560	12.5569	
75.0000	-61.8593	5.0273	
80.0000	-60.0153	-1.9197	
85.0000	-60.9559	-5.8728	
90.0000	-60.6822	-1.2603	
95.0000	-61.7035	-12.8554	
100.0000	-61.5600	-16.2167	
105.0000	-60.5125	-23.3106	
110.0000	-60.6201	-26.9703	
115.0000	-61.3161	-24.6328	
120.0000	-61.5483	-39.0938	
125.0000	-60.6664	-41.7101	
130.0000	-60.8287	-39.4361	
135.0000	-61.7312	-47.7937	
140.0000	-60.5930	-55.4984	
145.0000	-60.9212	-45.0288	
150.0000	-62.6342	-59.1162	
155.0000	-60.1952	-62.6378	
160.0000	-61.3804	-48.8441	
165.0000	-65.2419	-66.3338	
170.0000	-61.9689	-92.4435	
175.0000	-60.6766	-85.7306	
180.0000	-62.5836	-86.6191	
			
			
			
[Side Lobes Table]
			
No.	Rel Ampl	Azimuth  [deg]	Absolute Ampl
1L	-0.46	50.00	-59.48
2L	-1.15	35.00	-60.17
3L	-1.19	20.00	-60.21
1R	-0.94	70.00	-59.96
2R	-1.00	80.00	-60.02
3R	-1.66	90.00	-60.68
		 	
File Name:	uwb_dipole.rff		
			
Polarizat.	0.000	Phase	
Frequency	3.000 G	 [GHz]	
Roll  	135.000	[deg]	
Ch.	Channel1		
Beam			
Switch			
Dir	0.00	dBi	
Azimuth  [deg]	Amplitude (dB)	Phase [Deg]	
-180.0000	-61.0546	-86.5573	
-175.0000	-62.9503	-99.3508	
-170.0000	-63.6860	-110.3600	
-165.0000	-67.0221	-91.1388	
-160.0000	-67.3099	-42.1072	
-155.0000	-65.3495	-39.2013	
-150.0000	-67.3779	-69.4943	
-145.0000	-68.9439	-85.6339	
-140.0000	-66.4558	-78.1152	
-135.0000	-63.9137	-85.1265	
-130.0000	-63.4533	-89.6399	
-125.0000	-63.6686	-102.8759	
-120.0000	-66.2838	-101.3990	
-115.0000	-65.9710	-103.9119	
-110.0000	-65.9365	-91.4244	
-105.0000	-65.7025	-98.4667	
-100.0000	-64.1065	-108.2759	
-95.0000	-69.4974	-117.6586	
-90.0000	-70.4903	-96.4677	
-85.0000	-68.9947	-72.0739	
-80.0000	-68.4592	-79.4296	
-75.0000	-69.5524	-81.8112	
-70.0000	-68.9809	-58.8956	
-65.0000	-68.5838	-78.7523	
-60.0000	-73.3127	-39.4538	
-55.0000	-69.6052	-45.8736	
-50.0000	-73.2489	-32.0030	
-45.0000	-68.4561	-10.3454	
-40.0000	-68.6400	-12.9664	
-35.0000	-69.2014	7.5130	
-30.0000	-66.7616	18.2500	
-25.0000	-66.5528	22.8303	
-20.0000	-65.5947	34.6501	
-15.0000	-63.8212	37.2923	
-10.0000	-63.1468	38.3524	
-5.0000	-62.6086	40.6596	
0.0000	-61.7881	41.5197	
5.0000	-61.0307	40.3963	
10.0000	-60.6958	39.4117	
15.0000	-60.2283	37.2103	
20.0000	-59.4988	35.9022	
25.0000	-59.3553	36.3594	
30.0000	-59.5964	33.8659	
35.0000	-59.3551	30.4302	
40.0000	-59.2149	29.7141	
45.0000	-59.5254	26.3100	
50.0000	-58.7205	19.9479	
55.0000	-58.6005	21.8150	
60.0000	-58.6222	15.6888	
65.0000	-58.7087	20.4727	
70.0000	-59.9772	9.0121	
75.0000	-59.8590	9.7771	
80.0000	-59.3524	-8.4958	
85.0000	-59.7435	-2.3781	
90.0000	-59.3637	-7.4940	
95.0000	-60.9987	-10.0620	
100.0000	-60.2897	-14.9798	
105.0000	-60.1061	-26.9780	
110.0000	-59.6926	-26.5982	
115.0000	-59.7913	-23.9009	
120.0000	-61.3760	-37.8041	
125.0000	-59.8090	-42.7976	
130.0000	-59.9646	-40.5223	
135.0000	-60.9911	-47.2652	
140.0000	-60.1642	-54.7765	
145.0000	-59.6730	-48.1503	
150.0000	-61.6810	-52.3702	
155.0000	-60.1759	-65.9995	
160.0000	-59.9571	-55.4101	
165.0000	-63.3543	-55.9488	
170.0000	-62.6724	-90.3711	
175.0000	-60.1884	-89.0781	
180.0000	-61.0378	-86.1988	
			
			
			
[Side Lobes Table]
			
No.	Rel Ampl	Azimuth  [deg]	Absolute Ampl
1L	-0.61	40.00	-59.21
2L	-0.75	25.00	-59.36
3L	-9.86	-45.00	-68.46
1R	-0.75	80.00	-59.35
2R	-0.76	90.00	-59.36
3R	-1.09	110.00	-59.69
		 	
File Name:	uwb_dipole.rff		
			
Polarizat.	0.000	Phase	
Frequency	3.000 G	 [GHz]	
Roll  	140.000	[deg]	
Ch.	Channel1		
Beam			
Switch			
Dir	0.00	dBi	
Azimuth  [deg]	Amplitude (dB)	Phase [Deg]	
-180.0000	-61.0614	-90.5687	
-175.0000	-62.1203	-105.3918	
-170.0000	-63.3638	-105.5664	
-165.0000	-66.1337	-68.9134	
-160.0000	-63.9061	-37.3512	
-155.0000	-63.3715	-50.5380	
-150.0000	-65.0599	-72.7081	
-145.0000	-64.9530	-77.9699	
-140.0000	-62.7818	-84.3007	
-135.0000	-62.4320	-93.1078	
-130.0000	-63.1770	-96.9789	
-125.0000	-65.7571	-102.5625	
-120.0000	-65.6643	-78.5981	
-115.0000	-64.4370	-84.5915	
-110.0000	-62.9419	-97.0436	
-105.0000	-65.3946	-103.5875	
-100.0000	-67.6154	-117.7560	
-95.0000	-70.1355	-81.8532	
-90.0000	-70.1958	-84.6857	
-85.0000	-70.2889	-67.6943	
-80.0000	-70.0077	-57.1311	
-75.0000	-69.2903	-51.5670	
-70.0000	-67.3341	-58.2265	
-65.0000	-73.5528	-66.4227	
-60.0000	-68.7751	-22.9001	
-55.0000	-70.9471	-40.5542	
-50.0000	-69.6072	8.8151	
-45.0000	-66.6475	-9.9627	
-40.0000	-68.8025	5.7164	
-35.0000	-65.9609	20.7742	
-30.0000	-65.4258	20.2856	
-25.0000	-65.2885	32.0454	
-20.0000	-63.5219	39.0979	
-15.0000	-62.4444	38.4470	
-10.0000	-62.1213	38.5373	
-5.0000	-61.5065	40.4949	
0.0000	-60.8289	40.9707	
5.0000	-60.2395	39.8430	
10.0000	-59.8553	38.2389	
15.0000	-59.2011	35.5688	
20.0000	-58.6247	35.8600	
25.0000	-58.6623	35.4857	
30.0000	-58.8327	32.1827	
35.0000	-58.4140	29.9056	
40.0000	-58.5719	29.7654	
45.0000	-58.6246	23.9549	
50.0000	-57.7739	21.4320	
55.0000	-58.3601	19.6805	
60.0000	-57.8841	16.6229	
65.0000	-59.3115	17.1024	
70.0000	-58.7799	4.1335	
75.0000	-59.8056	0.5064	
80.0000	-58.1303	-4.4735	
85.0000	-59.1636	-7.7290	
90.0000	-59.1202	-5.2988	
95.0000	-59.9384	-17.0253	
100.0000	-60.1801	-22.0243	
105.0000	-58.4649	-27.5211	
110.0000	-59.0089	-26.9079	
115.0000	-60.3714	-28.1883	
120.0000	-59.4262	-43.4502	
125.0000	-59.1947	-39.2558	
130.0000	-59.9793	-44.3856	
135.0000	-59.9082	-54.1007	
140.0000	-59.0080	-52.4100	
145.0000	-60.0075	-48.8444	
150.0000	-60.7725	-63.5289	
155.0000	-59.1582	-62.4217	
160.0000	-60.6265	-52.6495	
165.0000	-63.5041	-73.9846	
170.0000	-60.6762	-91.3927	
175.0000	-59.7081	-87.0883	
180.0000	-61.1329	-91.7433	
			
			
			
[Side Lobes Table]
			
No.	Rel Ampl	Azimuth  [deg]	Absolute Ampl
1L	-0.64	35.00	-58.41
2L	-0.85	20.00	-58.62
3L	-8.87	-45.00	-66.65
1R	-0.11	60.00	-57.88
2R	-1.01	70.00	-58.78
3R	-0.36	80.00	-58.13
		 	
File Name:	uwb_dipole.rff		
			
Polarizat.	0.000	Phase	
Frequency	3.000 G	 [GHz]	
Roll  	145.000	[deg]	
Ch.	Channel1		
Beam			
Switch			
Dir	0.00	dBi	
Azimuth  [deg]	Amplitude (dB)	Phase [Deg]	
-180.0000	-59.9404	-90.0171	
-175.0000	-60.9676	-101.5667	
-170.0000	-61.6157	-107.0889	
-165.0000	-64.0456	-88.3391	
-160.0000	-63.3323	-47.0531	
-155.0000	-61.4114	-46.8777	
-150.0000	-62.4390	-65.6771	
-145.0000	-63.8048	-80.0707	
-140.0000	-62.7854	-85.1359	
-135.0000	-62.6191	-94.8925	
-130.0000	-64.0769	-93.2627	
-125.0000	-64.6074	-87.5788	
-120.0000	-64.7673	-73.3927	
-115.0000	-62.2817	-84.3415	
-110.0000	-62.8355	-94.8248	
-105.0000	-67.0465	-111.8899	
-100.0000	-67.0149	-89.3783	
-95.0000	-70.1821	-85.7262	
-90.0000	-71.6900	-89.0676	
-85.0000	-71.4545	-32.5067	
-80.0000	-68.8386	-40.7062	
-75.0000	-68.4881	-41.4279	
-70.0000	-67.5135	-41.2744	
-65.0000	-70.6430	-57.3856	
-60.0000	-69.6001	-1.8543	
-55.0000	-68.2093	-26.0515	
-50.0000	-70.0917	17.7504	
-45.0000	-65.0729	3.9958	
-40.0000	-67.6558	3.4915	
-35.0000	-65.4371	25.5311	
-30.0000	-64.0823	20.6521	
-25.0000	-64.5800	29.0330	
-20.0000	-63.2225	38.5571	
-15.0000	-61.8597	39.8245	
-10.0000	-61.3234	38.6330	
-5.0000	-61.0074	39.6499	
0.0000	-60.4928	40.7617	
5.0000	-59.9307	40.0581	
10.0000	-59.5235	38.9352	
15.0000	-58.9347	36.3116	
20.0000	-58.2151	35.0812	
25.0000	-57.9775	35.5663	
30.0000	-58.1934	33.4856	
35.0000	-58.0106	29.6291	
40.0000	-57.8873	30.0455	
45.0000	-58.2052	25.7693	
50.0000	-57.6390	20.6701	
55.0000	-57.7822	22.9669	
60.0000	-58.0036	14.1406	
65.0000	-57.9767	16.1939	
70.0000	-58.9600	2.2550	
75.0000	-58.3989	3.6674	
80.0000	-57.9843	-10.2714	
85.0000	-58.2941	-5.4787	
90.0000	-58.1281	-7.9634	
95.0000	-60.0690	-16.1687	
100.0000	-58.9647	-22.3370	
105.0000	-57.9505	-28.8954	
110.0000	-58.6733	-23.4776	
115.0000	-59.1731	-31.0760	
120.0000	-59.1826	-43.9569	
125.0000	-58.7111	-41.5519	
130.0000	-59.3119	-46.4698	
135.0000	-59.4025	-51.8299	
140.0000	-58.8262	-53.6099	
145.0000	-59.2516	-50.3640	
150.0000	-60.6041	-58.8163	
155.0000	-59.1582	-66.4488	
160.0000	-59.4051	-56.6814	
165.0000	-62.4221	-62.9472	
170.0000	-61.2645	-89.2379	
175.0000	-59.4477	-89.2741	
180.0000	-60.0307	-90.1329	
			
			
			
[Side Lobes Table]
			
No.	Rel Ampl	Azimuth  [deg]	Absolute Ampl
1L	-0.25	40.00	-57.89
2L	-0.34	25.00	-57.98
3L	-6.44	-30.00	-64.08
1R	-0.34	65.00	-57.98
2R	-0.35	80.00	-57.98
3R	-0.49	90.00	-58.13
		 	
File Name:	uwb_dipole.rff		
			
Polarizat.	0.000	Phase	
Frequency	3.000 G	 [GHz]	
Roll  	150.000	[deg]	
Ch.	Channel1		
Beam			
Switch			
Dir	0.00	dBi	
Azimuth  [deg]	Amplitude (dB)	Phase [Deg]	
-180.0000	-59.8897	-96.3574	
-175.0000	-60.3484	-106.8178	
-170.0000	-61.4410	-104.0584	
-165.0000	-63.4674	-71.9517	
-160.0000	-61.3614	-47.3274	
-155.0000	-60.6381	-58.1415	
-150.0000	-62.4690	-73.5297	
-145.0000	-63.4318	-78.7989	
-140.0000	-63.2432	-85.9270	
-135.0000	-64.0221	-87.2596	
-130.0000	-63.7261	-76.3399	
-125.0000	-63.1132	-79.3970	
-120.0000	-62.2810	-79.0390	
-115.0000	-63.7689	-96.5046	
-110.0000	-65.9935	-97.1164	
-105.0000	-68.4750	-69.3525	
-100.0000	-67.8903	-96.2075	
-95.0000	-75.2665	-55.7813	
-90.0000	-70.8114	-11.6031	
-85.0000	-66.5427	-27.8419	
-80.0000	-68.1311	-27.3395	
-75.0000	-66.6464	-27.6211	
-70.0000	-67.2620	-36.7116	
-65.0000	-72.6827	-6.9970	
-60.0000	-65.8128	-3.1001	
-55.0000	-70.4809	-4.7847	
-50.0000	-64.6536	22.2398	
-45.0000	-64.7424	1.1191	
-40.0000	-66.1250	26.5694	
-35.0000	-63.0222	27.7419	
-30.0000	-63.4827	25.2940	
-25.0000	-63.2294	37.6886	
-20.0000	-61.5996	41.5628	
-15.0000	-60.7334	39.9129	
-10.0000	-60.5403	39.0198	
-5.0000	-60.2436	40.1532	
0.0000	-59.8544	40.7968	
5.0000	-59.3583	39.8604	
10.0000	-58.9332	38.0105	
15.0000	-58.2176	35.5039	
20.0000	-57.6313	35.5185	
25.0000	-57.6370	35.6914	
30.0000	-57.7584	32.8529	
35.0000	-57.5408	31.3082	
40.0000	-57.7586	30.6003	
45.0000	-57.8869	23.3311	
50.0000	-57.2047	21.5281	
55.0000	-58.0237	18.6902	
60.0000	-57.3589	13.6519	
65.0000	-58.7953	12.6793	
70.0000	-57.7222	-0.8842	
75.0000	-58.5424	-1.2564	
80.0000	-57.0259	-6.2282	
85.0000	-58.3464	-7.4433	
90.0000	-58.8984	-8.7780	
95.0000	-58.7403	-26.0557	
100.0000	-58.2695	-25.4538	
105.0000	-57.5669	-23.4133	
110.0000	-59.2024	-32.4114	
115.0000	-58.7844	-36.6610	
120.0000	-58.3002	-41.6539	
125.0000	-58.9886	-44.8494	
130.0000	-58.6299	-48.9216	
135.0000	-58.9245	-53.8465	
140.0000	-58.6893	-53.2035	
145.0000	-59.7270	-54.8204	
150.0000	-59.7066	-66.8848	
155.0000	-58.4638	-63.3417	
160.0000	-60.1151	-56.3821	
165.0000	-62.1744	-76.2243	
170.0000	-60.0213	-90.2004	
175.0000	-59.2256	-89.5247	
180.0000	-59.9689	-97.0284	
			
			
			
[Side Lobes Table]
			
No.	Rel Ampl	Azimuth  [deg]	Absolute Ampl
1L	-0.70	70.00	-57.72
2L	-0.33	60.00	-57.36
3L	-0.18	50.00	-57.20
1R	-0.54	105.00	-57.57
2R	-1.27	120.00	-58.30
3R	-1.60	130.00	-58.63
		 	
File Name:	uwb_dipole.rff		
			
Polarizat.	0.000	Phase	
Frequency	3.000 G	 [GHz]	
Roll  	155.000	[deg]	
Ch.	Channel1		
Beam			
Switch			
Dir	0.00	dBi	
Azimuth  [deg]	Amplitude (dB)	Phase [Deg]	
-180.0000	-59.3165	-94.9105	
-175.0000	-59.6056	-104.8128	
-170.0000	-60.1917	-106.9578	
-165.0000	-62.2740	-90.9465	
-160.0000	-61.6707	-55.6760	
-155.0000	-59.7430	-53.1977	
-150.0000	-61.0722	-66.2816	
-145.0000	-63.0394	-69.8581	
-140.0000	-63.1408	-69.7323	
-135.0000	-62.9723	-74.8096	
-130.0000	-62.9220	-72.9650	
-125.0000	-62.1564	-79.2218	
-120.0000	-63.8803	-81.4060	
-115.0000	-64.2757	-85.1334	
-110.0000	-66.3384	-78.6107	
-105.0000	-69.0684	-71.8211	
-100.0000	-68.1872	-69.5589	
-95.0000	-73.6346	4.1524	
-90.0000	-66.8412	-10.5154	
-85.0000	-65.3836	-15.1602	
-80.0000	-66.3289	-14.4606	
-75.0000	-64.6744	-17.6736	
-70.0000	-66.9745	-24.3303	
-65.0000	-69.7687	-5.8997	
-60.0000	-65.0161	18.2693	
-55.0000	-66.7621	-4.9558	
-50.0000	-65.1523	34.7655	
-45.0000	-62.6088	11.0663	
-40.0000	-65.4142	20.7083	
-35.0000	-62.5992	33.1807	
-30.0000	-62.1857	26.2451	
-25.0000	-62.7388	34.2888	
-20.0000	-61.4187	42.6312	
-15.0000	-60.1839	40.6601	
-10.0000	-59.9487	38.9878	
-5.0000	-59.8598	39.0606	
0.0000	-59.6828	40.3908	
5.0000	-59.2706	40.1312	
10.0000	-58.8531	38.8344	
15.0000	-58.2566	36.2593	
20.0000	-57.5552	35.1734	
25.0000	-57.2878	35.7884	
30.0000	-57.5362	34.4006	
35.0000	-57.5045	31.3339	
40.0000	-57.5675	30.3428	
45.0000	-57.9634	25.0808	
50.0000	-57.2243	19.6532	
55.0000	-57.5252	21.6145	
60.0000	-57.7783	10.7191	
65.0000	-57.8271	14.0855	
70.0000	-58.2305	-4.0813	
75.0000	-57.2105	0.9486	
80.0000	-57.2469	-9.6299	
85.0000	-57.9779	-5.0583	
90.0000	-58.2173	-12.7449	
95.0000	-58.8388	-26.2825	
100.0000	-57.4117	-22.8878	
105.0000	-57.6356	-26.1102	
110.0000	-59.1957	-29.4593	
115.0000	-57.9127	-39.1551	
120.0000	-58.4615	-42.5551	
125.0000	-58.6697	-45.9164	
130.0000	-58.1580	-50.5211	
135.0000	-59.0614	-50.0373	
140.0000	-58.8110	-56.4735	
145.0000	-59.1398	-55.9687	
150.0000	-59.5853	-65.4400	
155.0000	-58.2823	-68.1458	
160.0000	-59.0449	-58.5622	
165.0000	-61.5337	-65.9685	
170.0000	-60.8448	-86.4333	
175.0000	-59.2555	-90.7175	
180.0000	-59.3701	-94.9514	
			
			
			
[Side Lobes Table]
			
No.	Rel Ampl	Azimuth  [deg]	Absolute Ampl
1L	-0.01	50.00	-57.22
2L	-0.29	35.00	-57.50
3L	-0.08	25.00	-57.29
1R	-0.20	100.00	-57.41
2R	-0.70	115.00	-57.91
3R	-0.95	130.00	-58.16
		 	
File Name:	uwb_dipole.rff		
			
Polarizat.	0.000	Phase	
Frequency	3.000 G	 [GHz]	
Roll  	160.000	[deg]	
Ch.	Channel1		
Beam			
Switch			
Dir	0.00	dBi	
Azimuth  [deg]	Amplitude (dB)	Phase [Deg]	
-180.0000	-59.1029	-99.8538	
-175.0000	-59.2427	-107.5041	
-170.0000	-60.4139	-104.7390	
-165.0000	-62.3005	-77.0154	
-160.0000	-60.1573	-53.0007	
-155.0000	-59.1732	-57.7580	
-150.0000	-60.8622	-61.5958	
-145.0000	-61.6370	-58.5783	
-140.0000	-61.5440	-66.1192	
-135.0000	-62.0811	-73.5237	
-130.0000	-63.0060	-72.9902	
-125.0000	-64.3473	-75.5091	
-120.0000	-64.5875	-62.0589	
-115.0000	-65.7289	-70.4281	
-110.0000	-68.1152	-63.2965	
-105.0000	-68.7385	-24.5425	
-100.0000	-69.9035	-21.8072	
-95.0000	-64.2986	-0.8800	
-90.0000	-64.6110	-8.8110	
-85.0000	-63.4945	-8.6879	
-80.0000	-63.5802	-10.1064	
-75.0000	-65.6945	-18.2054	
-70.0000	-66.1987	2.9697	
-65.0000	-65.7471	20.2535	
-60.0000	-62.9864	9.0289	
-55.0000	-66.1464	22.6939	
-50.0000	-61.4443	31.2752	
-45.0000	-62.9071	11.8329	
-40.0000	-63.1267	37.3559	
-35.0000	-60.9527	33.1597	
-30.0000	-61.8605	30.2630	
-25.0000	-61.4330	42.0563	
-20.0000	-59.9220	43.3375	
-15.0000	-59.4233	40.0354	
-10.0000	-59.4681	38.0503	
-5.0000	-59.4603	38.8756	
0.0000	-59.2914	40.1303	
5.0000	-58.9219	39.2969	
10.0000	-58.4845	37.0836	
15.0000	-57.7885	34.9898	
20.0000	-57.2261	35.6494	
25.0000	-57.2646	36.2028	
30.0000	-57.6102	33.5254	
35.0000	-57.5418	31.1128	
40.0000	-57.8675	28.8702	
45.0000	-57.7609	20.7450	
50.0000	-57.0531	20.0960	
55.0000	-58.1766	16.4706	
60.0000	-57.3663	9.2116	
65.0000	-58.4953	5.8117	
70.0000	-56.6425	-4.9077	
75.0000	-57.8935	1.8717	
80.0000	-57.2505	-6.5927	
85.0000	-58.4783	-13.1477	
90.0000	-58.3862	-16.9406	
95.0000	-57.4333	-27.3320	
100.0000	-58.2673	-23.1251	
105.0000	-57.9787	-27.7391	
110.0000	-58.3620	-40.9390	
115.0000	-58.1185	-37.0510	
120.0000	-58.2858	-44.3796	
125.0000	-58.4303	-48.5183	
130.0000	-58.3774	-47.4418	
135.0000	-59.5161	-57.0900	
140.0000	-58.6260	-59.9423	
145.0000	-59.1172	-61.5806	
150.0000	-58.7087	-69.3351	
155.0000	-58.0483	-63.3195	
160.0000	-59.8111	-58.6591	
165.0000	-61.4783	-76.2931	
170.0000	-59.9730	-89.6392	
175.0000	-59.1397	-92.9014	
180.0000	-59.1184	-100.7121	
			
			
			
[Side Lobes Table]
			
No.	Rel Ampl	Azimuth  [deg]	Absolute Ampl
1L	-0.72	60.00	-57.37
2L	-0.41	50.00	-57.05
3L	-0.90	35.00	-57.54
1R	-0.61	80.00	-57.25
2R	-0.79	95.00	-57.43
3R	-1.34	105.00	-57.98
		 	
File Name:	uwb_dipole.rff		
			
Polarizat.	0.000	Phase	
Frequency	3.000 G	 [GHz]	
Roll  	165.000	[deg]	
Ch.	Channel1		
Beam			
Switch			
Dir	0.00	dBi	
Azimuth  [deg]	Amplitude (dB)	Phase [Deg]	
-180.0000	-58.8768	-98.6043	
-175.0000	-58.7856	-105.9482	
-170.0000	-59.4650	-108.0207	
-165.0000	-61.6148	-93.0257	
-160.0000	-60.9361	-60.4245	
-155.0000	-58.2938	-54.0692	
-150.0000	-58.7181	-58.8232	
-145.0000	-59.6433	-57.7598	
-140.0000	-60.1581	-63.9100	
-135.0000	-61.4945	-68.4393	
-130.0000	-63.8274	-62.1468	
-125.0000	-63.2137	-53.8329	
-120.0000	-63.7060	-51.9237	
-115.0000	-64.4804	-58.3109	
-110.0000	-67.4250	-32.4887	
-105.0000	-65.5093	-11.0631	
-100.0000	-64.1501	-21.4320	
-95.0000	-63.8641	7.7667	
-90.0000	-61.9629	-9.5713	
-85.0000	-61.8899	-4.0608	
-80.0000	-62.7782	-9.8894	
-75.0000	-63.8289	-6.2690	
-70.0000	-64.2634	13.0086	
-65.0000	-63.6426	12.2715	
-60.0000	-61.9707	21.2608	
-55.0000	-63.2546	16.5491	
-50.0000	-61.5947	37.4828	
-45.0000	-60.7245	17.7973	
-40.0000	-62.9756	32.2488	
-35.0000	-60.2429	37.1309	
-30.0000	-60.5205	29.0843	
-25.0000	-61.1514	37.9312	
-20.0000	-59.7342	44.0133	
-15.0000	-58.9156	41.1837	
-10.0000	-58.9444	38.7225	
-5.0000	-59.1396	38.1939	
0.0000	-59.1559	39.6501	
5.0000	-58.8869	39.0232	
10.0000	-58.6032	37.8093	
15.0000	-58.0483	35.3377	
20.0000	-57.3847	34.6201	
25.0000	-57.2105	34.8315	
30.0000	-57.6013	34.2624	
35.0000	-57.7552	30.1728	
40.0000	-57.7993	28.2025	
45.0000	-58.1234	22.2933	
50.0000	-57.3907	17.6852	
55.0000	-58.0219	19.2667	
60.0000	-57.9785	4.6576	
65.0000	-57.4487	7.0963	
70.0000	-57.5867	-5.9465	
75.0000	-57.1163	4.6329	
80.0000	-58.1833	-12.2629	
85.0000	-58.3335	-10.1790	
90.0000	-57.9782	-19.5050	
95.0000	-58.2385	-27.4599	
100.0000	-57.7146	-20.2484	
105.0000	-58.2421	-33.4574	
110.0000	-58.8588	-36.0316	
115.0000	-57.6947	-39.8588	
120.0000	-58.5799	-45.6298	
125.0000	-58.6102	-46.1463	
130.0000	-58.5221	-50.9679	
135.0000	-59.8890	-54.8244	
140.0000	-58.5879	-65.4271	
145.0000	-58.4290	-61.2403	
150.0000	-58.8866	-66.5624	
155.0000	-58.0638	-66.6656	
160.0000	-58.9456	-60.6380	
165.0000	-61.2328	-67.6300	
170.0000	-60.8465	-86.4675	
175.0000	-59.3758	-93.1746	
180.0000	-58.9063	-98.5844	
			
			
			
[Side Lobes Table]
			
No.	Rel Ampl	Azimuth  [deg]	Absolute Ampl
1L	-0.33	65.00	-57.45
2L	-0.27	50.00	-57.39
3L	-0.09	25.00	-57.21
1R	-0.86	90.00	-57.98
2R	-0.60	100.00	-57.71
3R	-0.58	115.00	-57.69
		 	
File Name:	uwb_dipole.rff		
			
Polarizat.	0.000	Phase	
Frequency	3.000 G	 [GHz]	
Roll  	170.000	[deg]	
Ch.	Channel1		
Beam			
Switch			
Dir	0.00	dBi	
Azimuth  [deg]	Amplitude (dB)	Phase [Deg]	
-180.0000	-58.6175	-103.0953	
-175.0000	-58.6020	-109.1102	
-170.0000	-59.8887	-107.2802	
-165.0000	-61.8470	-80.6407	
-160.0000	-59.2133	-55.6311	
-155.0000	-57.3727	-58.9236	
-150.0000	-57.9881	-62.5373	
-145.0000	-58.8498	-63.4358	
-140.0000	-60.6269	-66.3622	
-135.0000	-62.4954	-56.8429	
-130.0000	-61.7238	-42.2744	
-125.0000	-61.4591	-50.3861	
-120.0000	-63.3018	-45.0686	
-115.0000	-64.9189	-26.6576	
-110.0000	-62.3463	-16.9451	
-105.0000	-62.2202	-13.9733	
-100.0000	-63.6200	-5.6960	
-95.0000	-59.5816	-0.9327	
-90.0000	-61.6100	-11.5353	
-85.0000	-61.4982	-2.6206	
-80.0000	-62.1126	2.1696	
-75.0000	-63.1397	9.1606	
-70.0000	-61.2486	17.0045	
-65.0000	-62.3775	23.0235	
-60.0000	-60.3549	20.6257	
-55.0000	-62.1479	28.6344	
-50.0000	-59.3792	33.2172	
-45.0000	-61.3717	21.3513	
-40.0000	-60.7205	42.7210	
-35.0000	-59.2426	33.3517	
-30.0000	-60.4792	33.9006	
-25.0000	-59.9817	45.0089	
-20.0000	-58.6909	44.4016	
-15.0000	-58.4282	40.0817	
-10.0000	-58.7300	38.0751	
-5.0000	-58.9336	38.9540	
0.0000	-58.9867	39.3531	
5.0000	-58.7307	38.9953	
10.0000	-58.4042	36.4043	
15.0000	-57.7900	34.3973	
20.0000	-57.3697	35.1571	
25.0000	-57.4859	35.6778	
30.0000	-57.9870	33.4140	
35.0000	-57.9751	29.4601	
40.0000	-58.2915	26.9353	
45.0000	-58.3124	18.1764	
50.0000	-57.6405	16.9864	
55.0000	-58.7625	10.4126	
60.0000	-57.1416	4.4328	
65.0000	-58.2751	5.8525	
70.0000	-56.9938	-3.4869	
75.0000	-59.0404	2.7674	
80.0000	-57.9994	-12.7470	
85.0000	-58.7541	-18.1732	
90.0000	-58.2370	-21.1701	
95.0000	-57.3516	-26.0673	
100.0000	-59.6641	-25.2879	
105.0000	-58.1242	-34.6712	
110.0000	-58.5333	-42.4270	
115.0000	-58.5606	-39.0308	
120.0000	-58.5730	-45.4240	
125.0000	-59.4780	-49.6682	
130.0000	-59.3248	-54.5121	
135.0000	-59.4148	-67.6762	
140.0000	-57.7359	-63.4136	
145.0000	-58.7283	-59.9928	
150.0000	-58.8955	-67.9594	
155.0000	-58.3910	-64.4623	
160.0000	-59.8248	-60.4443	
165.0000	-61.5755	-75.2751	
170.0000	-60.3970	-90.4462	
175.0000	-59.2151	-96.3463	
180.0000	-58.6061	-103.5049	
			
			
			
[Side Lobes Table]
			
No.	Rel Ampl	Azimuth  [deg]	Absolute Ampl
1L	-0.15	60.00	-57.14
2L	-0.65	50.00	-57.64
3L	-0.98	35.00	-57.98
1R	-1.01	80.00	-58.00
2R	-0.36	95.00	-57.35
3R	-1.13	105.00	-58.12
		 	
File Name:	uwb_dipole.rff		
			
Polarizat.	0.000	Phase	
Frequency	3.000 G	 [GHz]	
Roll  	175.000	[deg]	
Ch.	Channel1		
Beam			
Switch			
Dir	0.00	dBi	
Azimuth  [deg]	Amplitude (dB)	Phase [Deg]	
-180.0000	-58.6606	-102.6747	
-175.0000	-58.2987	-108.7002	
-170.0000	-59.0787	-110.1046	
-165.0000	-61.3656	-97.2786	
-160.0000	-60.3385	-62.3840	
-155.0000	-57.2352	-58.5942	
-150.0000	-57.0443	-67.6007	
-145.0000	-58.2192	-69.2979	
-140.0000	-59.9090	-64.4359	
-135.0000	-60.8089	-52.0717	
-130.0000	-60.1405	-42.8521	
-125.0000	-59.7718	-48.6275	
-120.0000	-62.9245	-40.0672	
-115.0000	-61.7744	-24.2373	
-110.0000	-60.7373	-18.7645	
-105.0000	-61.8537	-17.0845	
-100.0000	-60.7776	-4.4528	
-95.0000	-59.2095	-2.1824	
-90.0000	-60.4763	-15.2973	
-85.0000	-60.8293	7.2088	
-80.0000	-60.4500	2.5658	
-75.0000	-61.5416	9.6183	
-70.0000	-60.0328	22.6071	
-65.0000	-60.5631	13.9681	
-60.0000	-59.8401	30.3055	
-55.0000	-60.3805	20.5579	
-50.0000	-59.4350	36.6460	
-45.0000	-59.1876	24.0901	
-40.0000	-60.7266	37.8520	
-35.0000	-58.6562	37.8751	
-30.0000	-59.4720	32.0538	
-25.0000	-59.9447	41.3732	
-20.0000	-58.7397	45.4657	
-15.0000	-58.1205	41.9347	
-10.0000	-58.3083	38.4810	
-5.0000	-58.6709	37.8300	
0.0000	-58.8823	38.8997	
5.0000	-58.8147	38.7390	
10.0000	-58.5755	37.0509	
15.0000	-58.2106	34.5214	
20.0000	-57.7605	33.3469	
25.0000	-57.6033	34.6529	
30.0000	-58.1584	33.5465	
35.0000	-58.4055	29.0961	
40.0000	-58.6032	25.9446	
45.0000	-58.9797	18.1606	
50.0000	-57.9346	13.0144	
55.0000	-58.5264	15.7514	
60.0000	-58.3317	1.0493	
65.0000	-57.8943	9.0835	
70.0000	-58.5832	-5.1994	
75.0000	-58.3302	4.2467	
80.0000	-59.6577	-20.5514	
85.0000	-58.6661	-19.2143	
90.0000	-57.9059	-21.2393	
95.0000	-58.6013	-25.8649	
100.0000	-59.2903	-19.6866	
105.0000	-58.7064	-41.4579	
110.0000	-59.2000	-37.9346	
115.0000	-58.4249	-42.0031	
120.0000	-59.4178	-47.2945	
125.0000	-60.1419	-50.1291	
130.0000	-59.4350	-61.5411	
135.0000	-59.3616	-65.2854	
140.0000	-57.8676	-65.6056	
145.0000	-58.6485	-55.1908	
150.0000	-60.1523	-65.4497	
155.0000	-58.7806	-69.9886	
160.0000	-59.1395	-63.0413	
165.0000	-61.3236	-66.4191	
170.0000	-61.5825	-84.8877	
175.0000	-59.8186	-96.8785	
180.0000	-58.6153	-102.6651	
			
			
			
[Side Lobes Table]
			
No.	Rel Ampl	Azimuth  [deg]	Absolute Ampl
1L	-1.25	-175.00	-58.30
1R	-2.73	-125.00	-59.77
2R	-3.69	-110.00	-60.74
3R	-2.17	-95.00	-59.21
		 	
File Name:	uwb_dipole.rff		
			
Polarizat.	0.000	Phase	
Frequency	3.000 G	 [GHz]	
Roll  	180.000	[deg]	
Ch.	Channel1		
Beam			
Switch			
Dir	0.00	dBi	
Azimuth  [deg]	Amplitude (dB)	Phase [Deg]	
-180.0000	-58.2736	-106.6815	
-175.0000	-58.3070	-110.5454	
-170.0000	-59.8869	-109.2531	
-165.0000	-61.9502	-82.6466	
-160.0000	-58.7485	-60.3850	
-155.0000	-56.7609	-65.8618	
-150.0000	-57.6600	-72.9288	
-145.0000	-59.0639	-67.6818	
-140.0000	-59.8746	-56.7957	
-135.0000	-59.3393	-50.4561	
-130.0000	-59.5000	-47.9899	
-125.0000	-61.0580	-46.6057	
-120.0000	-60.9729	-24.2449	
-115.0000	-60.1679	-24.0647	
-110.0000	-60.4812	-17.9152	
-105.0000	-59.7191	-2.8009	
-100.0000	-59.2573	-10.6528	
-95.0000	-59.0631	-7.9568	
-90.0000	-60.9800	3.1769	
-85.0000	-58.6998	3.7437	
-80.0000	-60.3932	9.4083	
-75.0000	-59.8515	22.2885	
-70.0000	-58.3857	16.3027	
-65.0000	-60.7672	24.9579	
-60.0000	-58.0924	25.7990	
-55.0000	-59.7818	27.7229	
-50.0000	-58.1286	34.2054	
-45.0000	-59.7726	26.9986	
-40.0000	-59.0503	43.4243	
-35.0000	-58.1800	35.9163	
-30.0000	-59.6189	36.4122	
-25.0000	-59.0266	46.4362	
-20.0000	-57.9082	44.3622	
-15.0000	-57.8895	39.6441	
-10.0000	-58.3304	37.3779	
-5.0000	-58.6798	37.8405	
0.0000	-58.8657	38.4825	
5.0000	-58.7757	37.5850	
10.0000	-58.6631	34.8643	
15.0000	-58.2648	32.6764	
20.0000	-57.8750	33.1096	
25.0000	-58.0917	34.0212	
30.0000	-58.8600	31.3176	
35.0000	-59.0209	25.5814	
40.0000	-59.2777	21.1987	
45.0000	-58.8745	11.7707	
50.0000	-58.1242	14.1527	
55.0000	-59.8438	9.6643	
60.0000	-58.1588	1.9872	
65.0000	-59.5884	6.9370	
70.0000	-59.0444	-5.1662	
75.0000	-61.6855	-7.2051	
80.0000	-58.2498	-25.0616	
85.0000	-58.5130	-17.2510	
90.0000	-59.5563	-15.7071	
95.0000	-59.4563	-28.0585	
100.0000	-61.5520	-36.8326	
105.0000	-58.5243	-39.9018	
110.0000	-59.5997	-43.2647	
115.0000	-60.1500	-39.8341	
120.0000	-60.5164	-51.5322	
125.0000	-60.6578	-64.5952	
130.0000	-58.6895	-63.9562	
135.0000	-58.7533	-64.4805	
140.0000	-58.5258	-55.3161	
145.0000	-61.2346	-56.7990	
150.0000	-60.6096	-77.6655	
155.0000	-58.6984	-71.2601	
160.0000	-59.9391	-61.8486	
165.0000	-62.4714	-73.7125	
170.0000	-61.3571	-94.3789	
175.0000	-59.4411	-101.9974	
180.0000	-58.2573	-106.8419	
			
			
			
[Side Lobes Table]
			
No.	Rel Ampl	Azimuth  [deg]	Absolute Ampl
1R	-2.58	-135.00	-59.34
2R	-3.41	-115.00	-60.17
3R	-2.30	-95.00	-59.06
		 	



[Statistics Table]
		Polarizat.	Freq.	Roll  	Ch.	Beam	Switch	Beam Peak [dB]		 	Beam Width [deg]		 	Null Depth [dB]		 				
File Name		[deg]	 [GHz]	[deg]				Value	[deg]		Value	At dB		Value	[deg]				 	 
uwb_dipole.rff		0.000	3.000 G	0.000	Channel1			-57.36	155.00	P	33.20	3.00	P				0.00			
uwb_dipole.rff		0.000	3.000 G	5.000	Channel1			-57.42	75.00	P	169.94	3.00	P				0.00			
uwb_dipole.rff		0.000	3.000 G	10.000	Channel1			-57.08	60.00	P	147.45	3.00	P				0.00			
uwb_dipole.rff		0.000	3.000 G	15.000	Channel1			-56.85	75.00	P	155.76	3.00	P				0.00			
uwb_dipole.rff		0.000	3.000 G	20.000	Channel1			-56.74	105.00	P	158.19	3.00	P				0.00			
uwb_dipole.rff		0.000	3.000 G	25.000	Channel1			-57.26	75.00	P	163.99	3.00	P				0.00			
uwb_dipole.rff		0.000	3.000 G	30.000	Channel1			-57.24	80.00	P	143.35	3.00	P				0.00			
uwb_dipole.rff		0.000	3.000 G	35.000	Channel1			-57.81	65.00	P	146.42	3.00	P				0.00			
uwb_dipole.rff		0.000	3.000 G	40.000	Channel1			-58.35	105.00	P	142.79	3.00	P				0.00			
uwb_dipole.rff		0.000	3.000 G	45.000	Channel1			-58.44	100.00	P	121.85	3.00	P				0.00			
uwb_dipole.rff		0.000	3.000 G	50.000	Channel1			-59.18	25.00	P	135.03	3.00	P				0.00			
uwb_dipole.rff		0.000	3.000 G	55.000	Channel1			-59.99	25.00	P	82.21	3.00	P				0.00			
uwb_dipole.rff		0.000	3.000 G	60.000	Channel1			-61.06	25.00	P	85.02	3.00	P				0.00			
uwb_dipole.rff		0.000	3.000 G	65.000	Channel1			-62.38	25.00	P	68.05	3.00	P				0.00			
uwb_dipole.rff		0.000	3.000 G	70.000	Channel1			-63.60	-175.00	P	N/A	3.00	P				0.00			
uwb_dipole.rff		0.000	3.000 G	75.000	Channel1			-64.67	-175.00	P	12.42	3.00	P				0.00			
uwb_dipole.rff		0.000	3.000 G	80.000	Channel1			-65.97	-175.00	P	N/A	3.00	P				0.00			
uwb_dipole.rff		0.000	3.000 G	85.000	Channel1			-67.61	-175.00	P	N/A	3.00	P				0.00			
uwb_dipole.rff		0.000	3.000 G	90.000	Channel1			-67.68	-95.00	P	15.16	3.00	P				0.00			
uwb_dipole.rff		0.000	3.000 G	95.000	Channel1			-66.14	-90.00	P	12.91	3.00	P				0.00			
uwb_dipole.rff		0.000	3.000 G	100.000	Channel1			-66.81	-115.00	P	14.78	3.00	P				0.00			
uwb_dipole.rff		0.000	3.000 G	105.000	Channel1			-64.70	-115.00	P	12.35	3.00	P				0.00			
uwb_dipole.rff		0.000	3.000 G	110.000	Channel1			-63.99	175.00	P	9.33	3.00	P				0.00			
uwb_dipole.rff		0.000	3.000 G	115.000	Channel1			-62.50	160.00	P	12.87	3.00	P				0.00			
uwb_dipole.rff		0.000	3.000 G	120.000	Channel1			-61.50	60.00	P	149.62	3.00	P				0.00			
uwb_dipole.rff		0.000	3.000 G	125.000	Channel1			-60.23	65.00	P	148.32	3.00	P				0.00			
uwb_dipole.rff		0.000	3.000 G	130.000	Channel1			-59.02	60.00	P	146.93	3.00	P				0.00			
uwb_dipole.rff		0.000	3.000 G	135.000	Channel1			-58.60	55.00	P	148.56	3.00	P				0.00			
uwb_dipole.rff		0.000	3.000 G	140.000	Channel1			-57.77	50.00	P	159.79	3.00	P				0.00			
uwb_dipole.rff		0.000	3.000 G	145.000	Channel1			-57.64	50.00	P	163.47	3.00	P				0.00			
uwb_dipole.rff		0.000	3.000 G	150.000	Channel1			-57.03	80.00	P	161.93	3.00	P				0.00			
uwb_dipole.rff		0.000	3.000 G	155.000	Channel1			-57.21	75.00	P	177.45	3.00	P				0.00			
uwb_dipole.rff		0.000	3.000 G	160.000	Channel1			-56.64	70.00	P	176.72	3.00	P				0.00			
uwb_dipole.rff		0.000	3.000 G	165.000	Channel1			-57.12	75.00	P	183.91	3.00	P				0.00			
uwb_dipole.rff		0.000	3.000 G	170.000	Channel1			-56.99	70.00	P	185.60	3.00	P				0.00			
uwb_dipole.rff		0.000	3.000 G	175.000	Channel1			-57.04	-150.00	P	20.28	3.00	P				0.00			
uwb_dipole.rff		0.000	3.000 G	180.000	Channel1			-56.76	-155.00	P	20.88	3.00	P				0.00			



[Database Table]
First Question	
2nd	
3rd	
4th	
