File Name:	UWB_patch_stairs.rff		
			
		Phase	
Frequency	3.000 G	 [GHz]	
			
Ch.	Channel1		
Beam			
Switch			
Dir	0.00	dBi	
Azimuth  [deg]	Amplitude (dB)	Phase [Deg]	
-180.0000	-60.3303	124.2295	
-175.0000	-61.6725	125.7345	
-170.0000	-64.5720	139.0191	
-165.0000	-64.3061	173.5890	
-160.0000	-60.5883	179.6118	
-155.0000	-59.5871	170.2394	
-150.0000	-60.6654	168.8190	
-145.0000	-61.1802	177.2830	
-140.0000	-60.5995	-175.0891	
-135.0000	-60.2313	-173.2931	
-130.0000	-60.4025	-179.0501	
-125.0000	-64.0326	-179.3627	
-120.0000	-64.9851	-159.9429	
-115.0000	-65.7184	-147.6014	
-110.0000	-69.7933	-125.0599	
-105.0000	-64.5457	-102.2063	
-100.0000	-63.3486	-95.7311	
-95.0000	-63.9742	-110.4077	
-90.0000	-65.3844	-94.4436	
-85.0000	-67.2145	-95.1155	
-80.0000	-70.1268	-67.6168	
-75.0000	-66.1974	-43.0682	
-70.0000	-66.8611	-53.7917	
-65.0000	-64.8525	-32.9934	
-60.0000	-66.2446	-48.1041	
-55.0000	-66.8701	-24.0455	
-50.0000	-66.4814	-34.9318	
-45.0000	-67.4235	-7.0789	
-40.0000	-64.9325	-14.0243	
-35.0000	-66.8149	-15.6000	
-30.0000	-66.2457	1.4816	
-25.0000	-64.7717	-0.4124	
-20.0000	-64.8415	-5.5059	
-15.0000	-65.3037	-5.8584	
-10.0000	-65.4604	-3.8099	
-5.0000	-65.2503	-3.8906	
0.0000	-65.2125	-3.6100	
5.0000	-65.2936	-4.9928	
10.0000	-65.5446	-8.6855	
15.0000	-65.4532	-12.4929	
20.0000	-65.2284	-15.4406	
25.0000	-65.0350	-17.0244	
30.0000	-65.4214	-18.5330	
35.0000	-65.8498	-27.5667	
40.0000	-65.4845	-37.9562	
45.0000	-65.2582	-43.8382	
50.0000	-64.9586	-45.6765	
55.0000	-66.5469	-47.4710	
60.0000	-65.6369	-71.4611	
65.0000	-65.1828	-61.1534	
70.0000	-65.8904	-80.6957	
75.0000	-69.2528	-80.5947	
80.0000	-63.8625	-104.2995	
85.0000	-67.1398	-98.7826	
90.0000	-66.6936	-114.3787	
95.0000	-64.2286	-127.7413	
100.0000	-68.6078	-139.0257	
105.0000	-64.0974	-147.8722	
110.0000	-63.8739	-163.3503	
115.0000	-64.7131	-159.4890	
120.0000	-63.1943	-172.7719	
125.0000	-63.7479	173.9441	
130.0000	-62.2331	175.5500	
135.0000	-62.0266	162.3466	
140.0000	-61.8088	167.7112	
145.0000	-62.8616	150.3674	
150.0000	-60.2254	146.9250	
155.0000	-60.4385	157.4445	
160.0000	-62.7850	154.6141	
165.0000	-63.3502	135.3647	
170.0000	-61.3905	123.6849	
175.0000	-60.2475	123.5572	
180.0000	-60.3378	124.2572	
			
			
			
[Side Lobes Table]
			
No.	Rel Ampl	Azimuth  [deg]	Absolute Ampl
1R	-0.64	-135.00	-60.23
2R	-3.76	-100.00	-63.35
3R	-6.61	-75.00	-66.20
		 	
File Name:	UWB_patch_stairs.rff		
			
		Phase	
Frequency	3.500 G	 [GHz]	
			
Ch.	Channel1		
Beam			
Switch			
Dir	0.00	dBi	
Azimuth  [deg]	Amplitude (dB)	Phase [Deg]	
-180.0000	-63.2382	-115.8327	
-175.0000	-64.4540	-113.9256	
-170.0000	-66.6754	-95.5136	
-165.0000	-64.9374	-69.1685	
-160.0000	-62.1192	-68.5760	
-155.0000	-62.2068	-74.6823	
-150.0000	-63.4763	-66.5661	
-145.0000	-62.6633	-53.7324	
-140.0000	-62.4066	-56.9927	
-135.0000	-62.7731	-52.3448	
-130.0000	-66.4958	-62.4780	
-125.0000	-66.7531	-21.9002	
-120.0000	-68.9539	-24.8483	
-115.0000	-67.9227	13.5787	
-110.0000	-66.6972	33.5122	
-105.0000	-66.4418	9.6692	
-100.0000	-67.3060	37.6350	
-95.0000	-69.6809	32.5952	
-90.0000	-71.4085	46.6922	
-85.0000	-67.9979	75.3560	
-80.0000	-70.4359	92.0677	
-75.0000	-67.2366	77.8815	
-70.0000	-68.1843	95.2903	
-65.0000	-70.2515	94.8499	
-60.0000	-69.7706	105.4684	
-55.0000	-67.8841	119.0895	
-50.0000	-68.8580	118.1487	
-45.0000	-66.1389	124.9841	
-40.0000	-67.8353	114.1562	
-35.0000	-67.6756	134.3436	
-30.0000	-67.1181	125.9515	
-25.0000	-68.1631	139.1702	
-20.0000	-65.8092	146.3471	
-15.0000	-64.3379	137.0443	
-10.0000	-64.2424	129.1305	
-5.0000	-64.5525	125.0494	
0.0000	-64.5232	122.4736	
5.0000	-64.2167	124.6072	
10.0000	-64.1171	129.8360	
15.0000	-64.7854	134.9268	
20.0000	-66.7287	136.8836	
25.0000	-68.3381	114.9177	
30.0000	-65.8043	109.2171	
35.0000	-66.4518	118.1352	
40.0000	-67.5118	107.4755	
45.0000	-68.0555	110.2224	
50.0000	-68.3243	79.6144	
55.0000	-66.7950	101.4962	
60.0000	-71.2995	69.7067	
65.0000	-68.0892	72.3852	
70.0000	-68.4347	62.6781	
75.0000	-70.5239	48.5049	
80.0000	-67.8477	40.6850	
85.0000	-69.1132	49.0695	
90.0000	-66.9198	11.7201	
95.0000	-69.4285	7.8413	
100.0000	-70.4159	6.4327	
105.0000	-64.4022	1.3828	
110.0000	-66.1763	-34.8536	
115.0000	-69.1056	-28.3785	
120.0000	-65.5174	-37.3441	
125.0000	-64.1565	-51.9546	
130.0000	-65.1029	-58.7156	
135.0000	-64.4228	-54.1623	
140.0000	-64.8023	-77.5954	
145.0000	-64.2359	-75.5073	
150.0000	-63.1705	-95.7477	
155.0000	-60.7731	-86.4314	
160.0000	-61.9341	-74.7211	
165.0000	-65.0387	-82.1470	
170.0000	-65.1105	-106.0130	
175.0000	-63.6568	-114.3480	
180.0000	-63.2064	-115.8606	
			
			
			
[Side Lobes Table]
			
No.	Rel Ampl	Azimuth  [deg]	Absolute Ampl
1L	-3.65	135.00	-64.42
2L	-3.38	125.00	-64.16
3L	-3.63	105.00	-64.40
		 	
File Name:	UWB_patch_stairs.rff		
			
		Phase	
Frequency	4.000 G	 [GHz]	
			
Ch.	Channel1		
Beam			
Switch			
Dir	0.00	dBi	
Azimuth  [deg]	Amplitude (dB)	Phase [Deg]	
-180.0000	-65.7458	11.1181	
-175.0000	-68.6758	16.0406	
-170.0000	-70.2905	59.3500	
-165.0000	-65.5127	71.3634	
-160.0000	-64.7085	61.5904	
-155.0000	-65.3619	72.1791	
-150.0000	-64.5689	68.2854	
-145.0000	-66.3398	78.7886	
-140.0000	-66.1670	79.7563	
-135.0000	-68.7657	82.1896	
-130.0000	-70.0872	116.5339	
-125.0000	-70.6675	120.7183	
-120.0000	-72.9119	154.8210	
-115.0000	-69.8535	170.1395	
-110.0000	-72.0719	157.7767	
-105.0000	-70.0303	178.7628	
-100.0000	-73.9895	-176.2834	
-95.0000	-74.3659	-135.5816	
-90.0000	-73.6162	-132.2921	
-85.0000	-71.6777	-120.1084	
-80.0000	-73.7543	-121.9137	
-75.0000	-74.5321	-118.5593	
-70.0000	-71.7992	-107.9778	
-65.0000	-73.4835	-80.3157	
-60.0000	-71.5962	-103.5576	
-55.0000	-71.5802	-85.9320	
-50.0000	-71.0601	-86.8120	
-45.0000	-71.1698	-88.5120	
-40.0000	-70.2443	-70.1241	
-35.0000	-68.8144	-79.5605	
-30.0000	-68.9576	-76.9549	
-25.0000	-68.4828	-75.0362	
-20.0000	-68.7860	-67.7725	
-15.0000	-67.2577	-58.6856	
-10.0000	-65.5065	-59.8213	
-5.0000	-64.8143	-63.7929	
0.0000	-64.5415	-66.7565	
5.0000	-64.8594	-65.1225	
10.0000	-65.8860	-61.4150	
15.0000	-67.9548	-65.3907	
20.0000	-68.6419	-82.9520	
25.0000	-67.3963	-86.3598	
30.0000	-69.1199	-89.0053	
35.0000	-68.0727	-103.4994	
40.0000	-68.7797	-95.2103	
45.0000	-69.5682	-110.1299	
50.0000	-70.6627	-112.7744	
55.0000	-69.7566	-123.9922	
60.0000	-70.3678	-119.8282	
65.0000	-72.3454	-152.0313	
70.0000	-70.7817	-128.8062	
75.0000	-70.8969	-162.0326	
80.0000	-71.1838	-176.6755	
85.0000	-75.4340	-170.8183	
90.0000	-71.0600	178.3029	
95.0000	-72.1323	168.3327	
100.0000	-70.1802	150.2042	
105.0000	-70.6316	150.5023	
110.0000	-67.6106	125.0369	
115.0000	-70.3063	101.5148	
120.0000	-70.2027	110.9942	
125.0000	-68.2666	99.0431	
130.0000	-67.6231	80.6602	
135.0000	-67.1928	64.8421	
140.0000	-65.8917	70.6657	
145.0000	-66.2390	59.4182	
150.0000	-67.0333	56.7216	
155.0000	-65.8614	34.5468	
160.0000	-64.0429	44.5076	
165.0000	-66.5849	47.6065	
170.0000	-67.6269	23.9056	
175.0000	-65.8809	12.8263	
180.0000	-65.8487	10.4341	
			
			
			
[Side Lobes Table]
			
No.	Rel Ampl	Azimuth  [deg]	Absolute Ampl
1L	-1.85	140.00	-65.89
2L	-3.57	110.00	-67.61
3L	-6.14	100.00	-70.18
		 	
File Name:	UWB_patch_stairs.rff		
			
		Phase	
Frequency	4.500 G	 [GHz]	
			
Ch.	Channel1		
Beam			
Switch			
Dir	0.00	dBi	
Azimuth  [deg]	Amplitude (dB)	Phase [Deg]	
-180.0000	-65.0320	132.8788	
-175.0000	-67.4161	143.0599	
-170.0000	-68.2351	179.5258	
-165.0000	-64.7667	-170.5440	
-160.0000	-65.0372	-174.2400	
-155.0000	-64.7002	-168.2018	
-150.0000	-66.7117	-165.1286	
-145.0000	-66.5852	-149.8768	
-140.0000	-67.4537	-136.5064	
-135.0000	-70.3591	-131.1098	
-130.0000	-68.0154	-111.1979	
-125.0000	-71.5170	-73.0959	
-120.0000	-70.3730	-51.4704	
-115.0000	-73.1324	-68.4472	
-110.0000	-70.3551	-52.6040	
-105.0000	-72.0276	-32.1377	
-100.0000	-70.8549	7.1819	
-95.0000	-73.6216	32.2706	
-90.0000	-73.1588	20.4510	
-85.0000	-72.7002	24.6987	
-80.0000	-72.8531	44.7689	
-75.0000	-73.2070	59.3597	
-70.0000	-72.7927	50.0455	
-65.0000	-71.1469	56.2836	
-60.0000	-73.0407	63.6206	
-55.0000	-69.5777	55.1747	
-50.0000	-70.3051	76.0933	
-45.0000	-68.5459	65.5777	
-40.0000	-68.1482	70.2467	
-35.0000	-68.0264	75.6932	
-30.0000	-66.0598	80.4507	
-25.0000	-65.7103	74.4903	
-20.0000	-66.5536	78.8256	
-15.0000	-65.9004	87.2862	
-10.0000	-64.8630	90.4809	
-5.0000	-64.2348	89.7641	
0.0000	-63.9948	87.6910	
5.0000	-64.1281	86.3671	
10.0000	-64.7561	83.9713	
15.0000	-65.6801	78.5808	
20.0000	-65.9753	65.9687	
25.0000	-64.6852	58.3500	
30.0000	-65.1521	63.0937	
35.0000	-66.6786	51.5979	
40.0000	-66.7943	43.7787	
45.0000	-66.7962	40.4560	
50.0000	-69.8975	31.7612	
55.0000	-68.4541	24.9156	
60.0000	-69.5859	12.8669	
65.0000	-72.3484	1.3863	
70.0000	-70.1929	3.3325	
75.0000	-73.0116	-18.8852	
80.0000	-71.7682	-16.8052	
85.0000	-73.0373	-29.1668	
90.0000	-69.9692	-41.7700	
95.0000	-70.4326	-80.0006	
100.0000	-73.4771	-87.2976	
105.0000	-72.0485	-93.3889	
110.0000	-69.7493	-96.2216	
115.0000	-67.8032	-120.9137	
120.0000	-67.7903	-148.9473	
125.0000	-70.0274	-155.9852	
130.0000	-68.9817	-148.2853	
135.0000	-66.1533	-156.4401	
140.0000	-66.8538	-179.3027	
145.0000	-65.8429	178.2129	
150.0000	-64.6302	-179.6160	
155.0000	-66.7737	172.5032	
160.0000	-65.1986	164.7518	
165.0000	-67.3219	166.2854	
170.0000	-67.4927	137.7578	
175.0000	-65.3069	130.5421	
180.0000	-65.0020	132.5204	
			
			
			
[Side Lobes Table]
			
No.	Rel Ampl	Azimuth  [deg]	Absolute Ampl
1L	-1.72	-25.00	-65.71
2L	-5.58	-55.00	-69.58
3L	-7.15	-65.00	-71.15
1R	-0.69	25.00	-64.69
2R	-4.46	55.00	-68.45
3R	-6.20	70.00	-70.19
		 	
File Name:	UWB_patch_stairs.rff		
			
		Phase	
Frequency	5.000 G	 [GHz]	
			
Ch.	Channel1		
Beam			
Switch			
Dir	0.00	dBi	
Azimuth  [deg]	Amplitude (dB)	Phase [Deg]	
-180.0000	-68.8894	-107.9546	
-175.0000	-71.5126	-98.1118	
-170.0000	-71.5959	-61.0069	
-165.0000	-69.4208	-56.9403	
-160.0000	-70.1872	-44.4639	
-155.0000	-68.8085	-45.8223	
-150.0000	-70.7780	-21.6952	
-145.0000	-71.4250	-11.2452	
-140.0000	-69.9412	-14.5247	
-135.0000	-70.1498	25.3981	
-130.0000	-74.1718	36.0119	
-125.0000	-75.2986	66.4030	
-120.0000	-75.2551	62.7580	
-115.0000	-73.3851	90.6334	
-110.0000	-73.6641	105.1937	
-105.0000	-73.1505	137.7457	
-100.0000	-73.7420	170.4795	
-95.0000	-73.6435	176.7532	
-90.0000	-74.4092	-177.5250	
-85.0000	-75.1308	-171.7462	
-80.0000	-73.6406	-154.5299	
-75.0000	-73.2708	-145.1913	
-70.0000	-74.7605	-149.6810	
-65.0000	-74.1580	-147.8344	
-60.0000	-72.7258	-139.8562	
-55.0000	-71.9032	-132.6150	
-50.0000	-71.8713	-141.2701	
-45.0000	-69.7762	-129.0767	
-40.0000	-69.6817	-132.4910	
-35.0000	-69.4160	-123.1471	
-30.0000	-67.4347	-117.6557	
-25.0000	-66.4402	-119.6255	
-20.0000	-66.6444	-122.4096	
-15.0000	-67.3027	-116.9039	
-10.0000	-66.9369	-107.9804	
-5.0000	-66.1051	-105.5226	
0.0000	-65.8151	-107.6692	
5.0000	-65.9908	-110.9693	
10.0000	-66.4546	-118.1383	
15.0000	-66.3036	-126.3762	
20.0000	-66.0074	-131.2831	
25.0000	-66.6648	-131.6629	
30.0000	-68.0430	-145.1077	
35.0000	-67.8550	-152.0672	
40.0000	-68.4679	-157.9318	
45.0000	-70.1343	-166.5182	
50.0000	-69.8261	-169.4828	
55.0000	-72.2367	170.2736	
60.0000	-72.2491	173.6892	
65.0000	-73.9734	157.7994	
70.0000	-73.4700	145.9121	
75.0000	-77.0225	125.1200	
80.0000	-77.4159	137.6077	
85.0000	-77.2693	116.6668	
90.0000	-76.7309	111.8680	
95.0000	-75.1185	81.2441	
100.0000	-79.9160	53.0531	
105.0000	-79.6227	47.2346	
110.0000	-78.1419	44.9098	
115.0000	-76.0995	39.3983	
120.0000	-72.9370	20.2541	
125.0000	-71.4675	-7.6793	
130.0000	-72.4370	-31.3694	
135.0000	-73.7364	-43.0925	
140.0000	-71.0580	-29.4926	
145.0000	-70.6786	-53.4067	
150.0000	-69.8242	-64.6371	
155.0000	-69.7508	-54.3836	
160.0000	-70.5020	-72.2666	
165.0000	-70.5240	-70.5756	
170.0000	-72.1479	-93.7251	
175.0000	-69.6248	-109.2311	
180.0000	-68.9217	-108.5517	
			
			
			
[Side Lobes Table]
			
No.	Rel Ampl	Azimuth  [deg]	Absolute Ampl
1L	-0.63	-25.00	-66.44
2L	-7.46	-75.00	-73.27
3L	-7.83	-95.00	-73.64
1R	-0.19	20.00	-66.01
2R	-2.04	35.00	-67.86
3R	-4.01	50.00	-69.83
		 	
File Name:	UWB_patch_stairs.rff		
			
		Phase	
Frequency	5.500 G	 [GHz]	
			
Ch.	Channel1		
Beam			
Switch			
Dir	0.00	dBi	
Azimuth  [deg]	Amplitude (dB)	Phase [Deg]	
-180.0000	-70.2009	21.3397	
-175.0000	-73.1594	28.1933	
-170.0000	-74.8292	67.7397	
-165.0000	-72.5741	83.7925	
-160.0000	-71.9683	93.5553	
-155.0000	-73.0100	91.7102	
-150.0000	-73.4333	114.9337	
-145.0000	-72.3095	137.9519	
-140.0000	-76.2323	148.8066	
-135.0000	-74.3968	155.1979	
-130.0000	-75.9129	-175.2969	
-125.0000	-75.0080	-145.5025	
-120.0000	-73.9618	-108.9529	
-115.0000	-73.7565	-93.9814	
-110.0000	-73.7818	-64.8108	
-105.0000	-73.8252	-44.5350	
-100.0000	-73.0875	-38.9593	
-95.0000	-74.0567	-28.5226	
-90.0000	-75.6738	-10.0448	
-85.0000	-74.3716	-1.3380	
-80.0000	-73.1698	4.7378	
-75.0000	-73.2280	11.5062	
-70.0000	-73.3137	18.5060	
-65.0000	-72.8354	27.1524	
-60.0000	-72.9465	29.2586	
-55.0000	-72.5771	29.2219	
-50.0000	-71.6437	35.5720	
-45.0000	-70.9824	39.6470	
-40.0000	-69.4570	39.3974	
-35.0000	-69.3763	42.9613	
-30.0000	-68.3462	50.0244	
-25.0000	-67.3448	50.8652	
-20.0000	-67.0587	51.3153	
-15.0000	-67.0012	52.6181	
-10.0000	-66.8400	55.4333	
-5.0000	-66.8105	55.6394	
0.0000	-66.8244	55.1760	
5.0000	-66.8919	50.6681	
10.0000	-66.7220	45.3485	
15.0000	-66.4109	40.2006	
20.0000	-66.5992	40.3079	
25.0000	-67.4949	34.9673	
30.0000	-68.5174	29.6749	
35.0000	-69.1748	19.8383	
40.0000	-69.4981	15.1213	
45.0000	-71.2767	6.8032	
50.0000	-72.0688	0.2593	
55.0000	-72.7944	-1.9464	
60.0000	-73.3342	-15.8950	
65.0000	-76.3734	-16.7250	
70.0000	-76.3442	-22.1848	
75.0000	-78.0775	-29.1157	
80.0000	-76.4918	-33.2404	
85.0000	-75.8115	-48.5956	
90.0000	-76.2739	-59.4338	
95.0000	-76.4646	-73.7637	
100.0000	-79.1554	-100.2197	
105.0000	-79.7912	-130.1257	
110.0000	-79.9231	-148.0380	
115.0000	-80.4229	-165.4144	
120.0000	-80.9096	179.4593	
125.0000	-82.5524	174.3780	
130.0000	-78.3994	158.2648	
135.0000	-75.4785	124.1336	
140.0000	-73.3098	98.6743	
145.0000	-75.1457	82.3401	
150.0000	-72.4201	76.7651	
155.0000	-71.7182	79.3516	
160.0000	-73.3228	71.3442	
165.0000	-74.2055	64.4281	
170.0000	-74.5950	28.9881	
175.0000	-70.7497	17.9924	
180.0000	-70.1289	20.7459	
			
			
			
[Side Lobes Table]
			
No.	Rel Ampl	Azimuth  [deg]	Absolute Ampl
1L	-0.40	-5.00	-66.81
2L	-6.42	-65.00	-72.84
3L	-6.76	-80.00	-73.17
1R	-9.93	70.00	-76.34
2R	-9.40	85.00	-75.81
3R	-6.90	140.00	-73.31
		 	
File Name:	UWB_patch_stairs.rff		
			
		Phase	
Frequency	6.000 G	 [GHz]	
			
Ch.	Channel1		
Beam			
Switch			
Dir	0.00	dBi	
Azimuth  [deg]	Amplitude (dB)	Phase [Deg]	
-180.0000	-74.5986	139.0364	
-175.0000	-78.4528	156.3118	
-170.0000	-76.8184	-151.2846	
-165.0000	-76.2433	-150.6638	
-160.0000	-74.6049	-131.7822	
-155.0000	-78.3281	-122.2867	
-150.0000	-78.4767	-104.5321	
-145.0000	-73.5031	-88.8887	
-140.0000	-73.1264	-52.6059	
-135.0000	-76.0843	-34.6748	
-130.0000	-77.7982	-9.4245	
-125.0000	-77.9863	30.1102	
-120.0000	-76.1730	43.2610	
-115.0000	-75.0934	54.8509	
-110.0000	-73.9060	78.4664	
-105.0000	-73.0007	95.6324	
-100.0000	-73.3936	109.3408	
-95.0000	-74.1550	122.2120	
-90.0000	-73.7865	141.9306	
-85.0000	-73.5829	149.3135	
-80.0000	-74.2208	162.3466	
-75.0000	-74.2910	175.4168	
-70.0000	-73.6668	-178.6067	
-65.0000	-73.1936	-168.5692	
-60.0000	-72.6939	-161.5731	
-55.0000	-71.7707	-154.3670	
-50.0000	-72.6154	-145.1959	
-45.0000	-71.9702	-151.6249	
-40.0000	-70.8727	-147.2950	
-35.0000	-70.1746	-144.3615	
-30.0000	-69.8996	-141.1114	
-25.0000	-68.7512	-137.7054	
-20.0000	-68.3165	-138.5427	
-15.0000	-68.4774	-138.6770	
-10.0000	-68.6441	-136.0545	
-5.0000	-68.6290	-134.7710	
0.0000	-68.6157	-136.6761	
5.0000	-68.6067	-139.9910	
10.0000	-68.5159	-145.8194	
15.0000	-68.1913	-149.4388	
20.0000	-68.2162	-150.3510	
25.0000	-69.4094	-154.0959	
30.0000	-69.9937	-159.8764	
35.0000	-71.0676	-166.8449	
40.0000	-71.8782	-171.6807	
45.0000	-71.7174	-178.9864	
50.0000	-73.3027	169.9484	
55.0000	-74.5869	168.3035	
60.0000	-75.0361	165.7419	
65.0000	-74.6321	161.0428	
70.0000	-74.3152	151.9302	
75.0000	-74.5865	140.7843	
80.0000	-74.1780	130.3814	
85.0000	-74.3696	116.6532	
90.0000	-74.3827	98.8206	
95.0000	-74.5691	89.9992	
100.0000	-75.1096	72.9135	
105.0000	-74.9093	50.0072	
110.0000	-75.2636	32.7587	
115.0000	-76.1979	7.6103	
120.0000	-76.7174	-16.3687	
125.0000	-77.0636	-40.0092	
130.0000	-77.6122	-71.3361	
135.0000	-78.5967	-104.3951	
140.0000	-79.2983	-123.7429	
145.0000	-77.2921	-95.7630	
150.0000	-75.1634	-138.0116	
155.0000	-73.5916	-153.8253	
160.0000	-76.3832	-140.5380	
165.0000	-75.8718	-158.7197	
170.0000	-81.6083	-177.0963	
175.0000	-76.6749	137.1108	
180.0000	-74.4556	138.8576	
			
			
			
[Side Lobes Table]
			
No.	Rel Ampl	Azimuth  [deg]	Absolute Ampl
1L	-0.13	-20.00	-68.32
2L	-3.58	-55.00	-71.77
3L	-5.39	-85.00	-73.58
1R	-3.53	45.00	-71.72
2R	-6.12	70.00	-74.32
3R	-5.99	80.00	-74.18
		 	



[Statistics Table]
			Freq.		Ch.	Beam	Switch	Beam Peak [dB]		 	Beam Width [deg]		 	Null Depth [dB]		 				
File Name			 [GHz]					Value	[deg]		Value	At dB		Value	[deg]				 	 
UWB_patch_stairs.rff			3.000 G		Channel1			-59.59	-155.00	P	35.70	3.00	P				0.00			
UWB_patch_stairs.rff			3.500 G		Channel1			-60.77	155.00	P	15.79	3.00	P				0.00			
UWB_patch_stairs.rff			4.000 G		Channel1			-64.04	160.00	P	31.62	3.00	P				0.00			
UWB_patch_stairs.rff			4.500 G		Channel1			-63.99	0.00	P	77.70	3.00	P				0.00			
UWB_patch_stairs.rff			5.000 G		Channel1			-65.82	0.00	P	74.53	3.00	P				0.00			
UWB_patch_stairs.rff			5.500 G		Channel1			-66.41	15.00	P	75.80	3.00	P				0.00			
UWB_patch_stairs.rff			6.000 G		Channel1			-68.19	15.00	P	77.22	3.00	P				0.00			



[Database Table]
First Question	
2nd	
3rd	
4th	
