   3.0000000e+00  -6.8024000e+00
   3.0018750e+00  -6.6905522e+00
   3.0037500e+00  -6.6712512e+00
   3.0056250e+00  -6.5955837e+00
   3.0075000e+00  -6.6153382e+00
   3.0093750e+00  -6.5846431e+00
   3.0112500e+00  -6.6372565e+00
   3.0131250e+00  -6.7068762e+00
   3.0150000e+00  -6.7759282e+00
   3.0168750e+00  -6.7845053e+00
   3.0187500e+00  -6.7810118e+00
   3.0206250e+00  -6.8657448e+00
   3.0225000e+00  -6.8773417e+00
   3.0243750e+00  -6.9353407e+00
   3.0262500e+00  -6.9424711e+00
   3.0281250e+00  -6.8407337e+00
   3.0300000e+00  -6.8269949e+00
   3.0318750e+00  -6.7686439e+00
   3.0337500e+00  -6.7804504e+00
   3.0356250e+00  -6.7370319e+00
   3.0375000e+00  -6.7021145e+00
   3.0393750e+00  -6.7314860e+00
   3.0412500e+00  -6.7558444e+00
   3.0431250e+00  -6.7762114e+00
   3.0450000e+00  -6.8184393e+00
   3.0468750e+00  -6.7823671e+00
   3.0487500e+00  -6.8559972e+00
   3.0506250e+00  -6.8049386e+00
   3.0525000e+00  -6.8046630e+00
   3.0543750e+00  -6.8124650e+00
   3.0562500e+00  -6.7762897e+00
   3.0581250e+00  -6.7899768e+00
   3.0600000e+00  -6.8156961e+00
   3.0618750e+00  -6.8567329e+00
   3.0637500e+00  -6.8867103e+00
   3.0656250e+00  -6.8999383e+00
   3.0675000e+00  -6.9235261e+00
   3.0693750e+00  -6.9135666e+00
   3.0712500e+00  -6.9343947e+00
   3.0731250e+00  -6.9401844e+00
   3.0750000e+00  -6.9192494e+00
   3.0768750e+00  -6.8634875e+00
   3.0787500e+00  -6.8568204e+00
   3.0806250e+00  -6.8875374e+00
   3.0825000e+00  -6.9023846e+00
   3.0843750e+00  -6.9712354e+00
   3.0862500e+00  -6.9960253e+00
   3.0881250e+00  -7.0965137e+00
   3.0900000e+00  -7.2060492e+00
   3.0918750e+00  -7.2600860e+00
   3.0937500e+00  -7.3314438e+00
   3.0956250e+00  -7.2292934e+00
   3.0975000e+00  -7.3296675e+00
   3.0993750e+00  -7.2884861e+00
   3.1012500e+00  -7.2195670e+00
   3.1031250e+00  -7.1431547e+00
   3.1050000e+00  -7.1419194e+00
   3.1068750e+00  -7.1437713e+00
   3.1087500e+00  -7.0869045e+00
   3.1106250e+00  -7.0536186e+00
   3.1125000e+00  -7.1434400e+00
   3.1143750e+00  -7.2924642e+00
   3.1162500e+00  -7.3521689e+00
   3.1181250e+00  -7.4925605e+00
   3.1200000e+00  -7.5324809e+00
   3.1218750e+00  -7.5765509e+00
   3.1237500e+00  -7.6270803e+00
   3.1256250e+00  -7.5644156e+00
   3.1275000e+00  -7.5096736e+00
   3.1293750e+00  -7.4367448e+00
   3.1312500e+00  -7.3594415e+00
   3.1331250e+00  -7.2701623e+00
   3.1350000e+00  -7.2591307e+00
   3.1368750e+00  -7.1501125e+00
   3.1387500e+00  -7.0919868e+00
   3.1406250e+00  -7.1272535e+00
   3.1425000e+00  -7.2765414e+00
   3.1443750e+00  -7.3669971e+00
   3.1462500e+00  -7.5292421e+00
   3.1481250e+00  -7.5630862e+00
   3.1500000e+00  -7.5943548e+00
   3.1518750e+00  -7.6938597e+00
   3.1537500e+00  -7.6594699e+00
   3.1556250e+00  -7.6546260e+00
   3.1575000e+00  -7.4513929e+00
   3.1593750e+00  -7.3736182e+00
   3.1612500e+00  -7.2730143e+00
   3.1631250e+00  -7.1910652e+00
   3.1650000e+00  -7.1281914e+00
   3.1668750e+00  -7.0920332e+00
   3.1687500e+00  -7.1091559e+00
   3.1706250e+00  -7.2103929e+00
   3.1725000e+00  -7.3358302e+00
   3.1743750e+00  -7.4446027e+00
   3.1762500e+00  -7.5809321e+00
   3.1781250e+00  -7.6379547e+00
   3.1800000e+00  -7.7775366e+00
   3.1818750e+00  -7.7766942e+00
   3.1837500e+00  -7.7946730e+00
   3.1856250e+00  -7.7340594e+00
   3.1875000e+00  -7.6323607e+00
   3.1893750e+00  -7.5354962e+00
   3.1912500e+00  -7.4114703e+00
   3.1931250e+00  -7.4497570e+00
   3.1950000e+00  -7.3845179e+00
   3.1968750e+00  -7.3615547e+00
   3.1987500e+00  -7.4507261e+00
   3.2006250e+00  -7.6858706e+00
   3.2025000e+00  -7.2493539e+00
   3.2043750e+00  -7.3871633e+00
   3.2062500e+00  -7.5127376e+00
   3.2081250e+00  -7.5322399e+00
   3.2100000e+00  -7.6827321e+00
   3.2118750e+00  -7.7835153e+00
   3.2137500e+00  -7.6847897e+00
   3.2156250e+00  -7.6702404e+00
   3.2175000e+00  -7.5687887e+00
   3.2193750e+00  -7.5581550e+00
   3.2212500e+00  -7.4930404e+00
   3.2231250e+00  -7.5096805e+00
   3.2250000e+00  -7.5271111e+00
   3.2268750e+00  -7.4978430e+00
   3.2287500e+00  -7.5004928e+00
   3.2306250e+00  -7.5482967e+00
   3.2325000e+00  -7.5112174e+00
   3.2343750e+00  -7.6087357e+00
   3.2362500e+00  -7.6894930e+00
   3.2381250e+00  -7.7568834e+00
   3.2400000e+00  -7.7596726e+00
   3.2418750e+00  -7.7513592e+00
   3.2437500e+00  -7.7816753e+00
   3.2456250e+00  -7.8062290e+00
   3.2475000e+00  -7.7494599e+00
   3.2493750e+00  -7.6717467e+00
   3.2512500e+00  -7.6698887e+00
   3.2531250e+00  -7.6783025e+00
   3.2550000e+00  -7.6535745e+00
   3.2568750e+00  -7.6281072e+00
   3.2587500e+00  -7.6721408e+00
   3.2606250e+00  -7.6210481e+00
   3.2625000e+00  -7.6051395e+00
   3.2643750e+00  -7.5723529e+00
   3.2662500e+00  -7.5013176e+00
   3.2681250e+00  -7.5137472e+00
   3.2700000e+00  -7.5647670e+00
   3.2718750e+00  -7.5669936e+00
   3.2737500e+00  -7.6768202e+00
   3.2756250e+00  -7.7542789e+00
   3.2775000e+00  -7.7632803e+00
   3.2793750e+00  -7.7465671e+00
   3.2812500e+00  -7.7961628e+00
   3.2831250e+00  -7.7162247e+00
   3.2850000e+00  -7.6992751e+00
   3.2868750e+00  -7.6700846e+00
   3.2887500e+00  -7.5778923e+00
   3.2906250e+00  -7.5102347e+00
   3.2925000e+00  -7.4957784e+00
   3.2943750e+00  -7.4679895e+00
   3.2962500e+00  -7.4517683e+00
   3.2981250e+00  -7.4921245e+00
   3.3000000e+00  -7.5142049e+00
   3.3018750e+00  -7.6653606e+00
   3.3037500e+00  -7.7691682e+00
   3.3056250e+00  -7.8447622e+00
   3.3075000e+00  -7.9582548e+00
   3.3093750e+00  -7.9541859e+00
   3.3112500e+00  -7.9446182e+00
   3.3131250e+00  -7.9004990e+00
   3.3150000e+00  -7.9061362e+00
   3.3168750e+00  -7.7883420e+00
   3.3187500e+00  -7.8353178e+00
   3.3206250e+00  -7.7359466e+00
   3.3225000e+00  -7.6647361e+00
   3.3243750e+00  -7.5605230e+00
   3.3262500e+00  -7.5731047e+00
   3.3281250e+00  -7.5964684e+00
   3.3300000e+00  -7.7230974e+00
   3.3318750e+00  -7.8441408e+00
   3.3337500e+00  -8.0493756e+00
   3.3356250e+00  -8.1694800e+00
   3.3375000e+00  -8.1665682e+00
   3.3393750e+00  -8.1373496e+00
   3.3412500e+00  -8.1839048e+00
   3.3431250e+00  -8.0719754e+00
   3.3450000e+00  -7.9675194e+00
   3.3468750e+00  -7.9117533e+00
   3.3487500e+00  -7.8443000e+00
   3.3506250e+00  -7.7844332e+00
   3.3525000e+00  -7.7997530e+00
   3.3543750e+00  -7.7115421e+00
   3.3562500e+00  -7.6927722e+00
   3.3581250e+00  -7.7681873e+00
   3.3600000e+00  -7.7872043e+00
   3.3618750e+00  -7.9072470e+00
   3.3637500e+00  -8.0884152e+00
   3.3656250e+00  -8.2290280e+00
   3.3675000e+00  -8.2943210e+00
   3.3693750e+00  -8.2215653e+00
   3.3712500e+00  -8.1732652e+00
   3.3731250e+00  -8.1214782e+00
   3.3750000e+00  -8.0873540e+00
   3.3768750e+00  -7.8887386e+00
   3.3787500e+00  -7.7880579e+00
   3.3806250e+00  -7.7887518e+00
   3.3825000e+00  -7.7118534e+00
   3.3843750e+00  -7.8758089e+00
   3.3862500e+00  -7.9196506e+00
   3.3881250e+00  -7.9114963e+00
   3.3900000e+00  -8.0205847e+00
   3.3918750e+00  -8.0780814e+00
   3.3937500e+00  -8.2340765e+00
   3.3956250e+00  -8.2457295e+00
   3.3975000e+00  -8.3299479e+00
   3.3993750e+00  -8.2156636e+00
   3.4012500e+00  -8.1154801e+00
   3.4031250e+00  -8.0984699e+00
   3.4050000e+00  -8.0951126e+00
   3.4068750e+00  -8.0381885e+00
   3.4087500e+00  -7.8370811e+00
   3.4106250e+00  -7.8187146e+00
   3.4125000e+00  -7.9516205e+00
   3.4143750e+00  -7.9761519e+00
   3.4162500e+00  -8.1113629e+00
   3.4181250e+00  -8.2195867e+00
   3.4200000e+00  -8.1909921e+00
   3.4218750e+00  -8.3056080e+00
   3.4237500e+00  -8.4614478e+00
   3.4256250e+00  -8.4226363e+00
   3.4275000e+00  -8.4138350e+00
   3.4293750e+00  -8.2893935e+00
   3.4312500e+00  -8.2384419e+00
   3.4331250e+00  -8.1905915e+00
   3.4350000e+00  -8.1481106e+00
   3.4368750e+00  -8.1410493e+00
   3.4387500e+00  -8.0417213e+00
   3.4406250e+00  -8.1253948e+00
   3.4425000e+00  -8.1854826e+00
   3.4443750e+00  -8.3133630e+00
   3.4462500e+00  -8.4037991e+00
   3.4481250e+00  -8.3803665e+00
   3.4500000e+00  -8.4080477e+00
   3.4518750e+00  -8.4764905e+00
   3.4537500e+00  -8.4606126e+00
   3.4556250e+00  -8.3595946e+00
   3.4575000e+00  -8.4185977e+00
   3.4593750e+00  -8.2399744e+00
   3.4612500e+00  -8.3614600e+00
   3.4631250e+00  -8.2410129e+00
   3.4650000e+00  -8.2550780e+00
   3.4668750e+00  -8.3647467e+00
   3.4687500e+00  -8.2025334e+00
   3.4706250e+00  -8.2476766e+00
   3.4725000e+00  -8.3783032e+00
   3.4743750e+00  -8.4236929e+00
   3.4762500e+00  -8.4447334e+00
   3.4781250e+00  -8.3342975e+00
   3.4800000e+00  -8.5073578e+00
   3.4818750e+00  -8.3556288e+00
   3.4837500e+00  -8.2823721e+00
   3.4856250e+00  -8.2317816e+00
   3.4875000e+00  -8.2233922e+00
   3.4893750e+00  -8.3467237e+00
   3.4912500e+00  -8.2872532e+00
   3.4931250e+00  -8.2519271e+00
   3.4950000e+00  -8.4095811e+00
   3.4968750e+00  -8.4038528e+00
   3.4987500e+00  -8.3630012e+00
   3.5006250e+00  -8.2056426e+00
   3.5025000e+00  -8.3714922e+00
   3.5043750e+00  -8.3093029e+00
   3.5062500e+00  -8.2547223e+00
   3.5081250e+00  -8.2135088e+00
   3.5100000e+00  -8.2069599e+00
   3.5118750e+00  -8.1710137e+00
   3.5137500e+00  -8.1757372e+00
   3.5156250e+00  -8.2210504e+00
   3.5175000e+00  -8.3037374e+00
   3.5193750e+00  -8.3001127e+00
   3.5212500e+00  -8.3322112e+00
   3.5231250e+00  -8.4723958e+00
   3.5250000e+00  -8.3803959e+00
   3.5268750e+00  -8.3959210e+00
   3.5287500e+00  -8.3401136e+00
   3.5306250e+00  -8.1670087e+00
   3.5325000e+00  -8.2441794e+00
   3.5343750e+00  -8.2345821e+00
   3.5362500e+00  -8.2500385e+00
   3.5381250e+00  -8.1450235e+00
   3.5400000e+00  -8.1314573e+00
   3.5418750e+00  -8.0989555e+00
   3.5437500e+00  -8.2895727e+00
   3.5456250e+00  -8.3727724e+00
   3.5475000e+00  -8.4802750e+00
   3.5493750e+00  -8.4878329e+00
   3.5512500e+00  -8.5951006e+00
   3.5531250e+00  -8.6072935e+00
   3.5550000e+00  -8.6003219e+00
   3.5568750e+00  -8.5911018e+00
   3.5587500e+00  -8.3748374e+00
   3.5606250e+00  -8.3076253e+00
   3.5625000e+00  -8.2311726e+00
   3.5643750e+00  -8.2419975e+00
   3.5662500e+00  -8.1557780e+00
   3.5681250e+00  -8.1762487e+00
   3.5700000e+00  -8.1959825e+00
   3.5718750e+00  -8.3348619e+00
   3.5737500e+00  -8.4160856e+00
   3.5756250e+00  -8.5634364e+00
   3.5775000e+00  -8.6338599e+00
   3.5793750e+00  -8.5977429e+00
   3.5812500e+00  -8.7312127e+00
   3.5831250e+00  -8.7416699e+00
   3.5850000e+00  -8.6366196e+00
   3.5868750e+00  -8.6004421e+00
   3.5887500e+00  -8.5190257e+00
   3.5906250e+00  -8.3361721e+00
   3.5925000e+00  -8.1863471e+00
   3.5943750e+00  -8.1340253e+00
   3.5962500e+00  -8.0902141e+00
   3.5981250e+00  -8.0814378e+00
   3.6000000e+00  -8.0681519e+00
   3.6018750e+00  -8.3034615e+00
   3.6037500e+00  -8.4725645e+00
   3.6056250e+00  -8.6133700e+00
   3.6075000e+00  -8.6712560e+00
   3.6093750e+00  -8.7069798e+00
   3.6112500e+00  -8.7186914e+00
   3.6131250e+00  -8.5073000e+00
   3.6150000e+00  -8.4577166e+00
   3.6168750e+00  -8.3269366e+00
   3.6187500e+00  -8.1504364e+00
   3.6206250e+00  -7.9196946e+00
   3.6225000e+00  -7.8943065e+00
   3.6243750e+00  -7.8146340e+00
   3.6262500e+00  -7.8455116e+00
   3.6281250e+00  -7.8690008e+00
   3.6300000e+00  -7.8854929e+00
   3.6318750e+00  -8.1056654e+00
   3.6337500e+00  -8.3320876e+00
   3.6356250e+00  -8.4580277e+00
   3.6375000e+00  -8.5771890e+00
   3.6393750e+00  -8.5814479e+00
   3.6412500e+00  -8.4522200e+00
   3.6431250e+00  -8.4028804e+00
   3.6450000e+00  -8.2773287e+00
   3.6468750e+00  -8.1010783e+00
   3.6487500e+00  -7.9473204e+00
   3.6506250e+00  -7.8428181e+00
   3.6525000e+00  -7.8552688e+00
   3.6543750e+00  -7.8312432e+00
   3.6562500e+00  -8.0044596e+00
   3.6581250e+00  -7.9572992e+00
   3.6600000e+00  -8.0300561e+00
   3.6618750e+00  -8.2422063e+00
   3.6637500e+00  -8.3664195e+00
   3.6656250e+00  -8.5900489e+00
   3.6675000e+00  -8.7121147e+00
   3.6693750e+00  -8.5838142e+00
   3.6712500e+00  -8.5057213e+00
   3.6731250e+00  -8.3622607e+00
   3.6750000e+00  -8.4132284e+00
   3.6768750e+00  -8.3479635e+00
   3.6787500e+00  -8.2544073e+00
   3.6806250e+00  -8.1741941e+00
   3.6825000e+00  -8.1491143e+00
   3.6843750e+00  -8.1885495e+00
   3.6862500e+00  -8.2994879e+00
   3.6881250e+00  -8.2891827e+00
   3.6900000e+00  -8.3686513e+00
   3.6918750e+00  -8.2605051e+00
   3.6937500e+00  -8.4526459e+00
   3.6956250e+00  -8.5412645e+00
   3.6975000e+00  -8.4386392e+00
   3.6993750e+00  -8.5111014e+00
   3.7012500e+00  -8.4949691e+00
   3.7031250e+00  -8.4140381e+00
   3.7050000e+00  -8.4557131e+00
   3.7068750e+00  -8.3996351e+00
   3.7087500e+00  -8.3110356e+00
   3.7106250e+00  -8.3030803e+00
   3.7125000e+00  -8.2193426e+00
   3.7143750e+00  -8.3350318e+00
   3.7162500e+00  -8.3204633e+00
   3.7181250e+00  -8.1554865e+00
   3.7200000e+00  -8.0721873e+00
   3.7218750e+00  -8.0935908e+00
   3.7237500e+00  -7.9977525e+00
   3.7256250e+00  -8.1359411e+00
   3.7275000e+00  -8.2620482e+00
   3.7293750e+00  -8.3116570e+00
   3.7312500e+00  -8.2588912e+00
   3.7331250e+00  -8.3207528e+00
   3.7350000e+00  -8.4455439e+00
   3.7368750e+00  -8.3184388e+00
   3.7387500e+00  -8.2915553e+00
   3.7406250e+00  -8.1570944e+00
   3.7425000e+00  -8.1332249e+00
   3.7443750e+00  -8.0359347e+00
   3.7462500e+00  -8.0316143e+00
   3.7481250e+00  -7.9900792e+00
   3.7500000e+00  -7.8362851e+00
   3.7518750e+00  -7.7823102e+00
   3.7537500e+00  -7.7981913e+00
   3.7556250e+00  -7.8838066e+00
   3.7575000e+00  -8.0019420e+00
   3.7593750e+00  -8.0826785e+00
   3.7612500e+00  -8.2899412e+00
   3.7631250e+00  -8.3100242e+00
   3.7650000e+00  -8.5190560e+00
   3.7668750e+00  -8.5511411e+00
   3.7687500e+00  -8.5436862e+00
   3.7706250e+00  -8.5068986e+00
   3.7725000e+00  -8.3865518e+00
   3.7743750e+00  -8.2611310e+00
   3.7762500e+00  -8.1750184e+00
   3.7781250e+00  -8.1419541e+00
   3.7800000e+00  -7.9084902e+00
   3.7818750e+00  -7.8109185e+00
   3.7837500e+00  -7.8236880e+00
   3.7856250e+00  -8.0554880e+00
   3.7875000e+00  -8.1707457e+00
   3.7893750e+00  -8.2448012e+00
   3.7912500e+00  -8.5384806e+00
   3.7931250e+00  -8.5534961e+00
   3.7950000e+00  -8.8327177e+00
   3.7968750e+00  -8.8452660e+00
   3.7987500e+00  -8.8267833e+00
   3.8006250e+00  -8.6042994e+00
   3.8025000e+00  -8.4238664e+00
   3.8043750e+00  -8.3885453e+00
   3.8062500e+00  -8.2814875e+00
   3.8081250e+00  -8.1112990e+00
   3.8100000e+00  -7.9672335e+00
   3.8118750e+00  -7.8428624e+00
   3.8137500e+00  -7.9629381e+00
   3.8156250e+00  -7.9479857e+00
   3.8175000e+00  -7.9445066e+00
   3.8193750e+00  -8.1811805e+00
   3.8212500e+00  -8.3405871e+00
   3.8231250e+00  -8.4810096e+00
   3.8250000e+00  -8.7015132e+00
   3.8268750e+00  -8.6441044e+00
   3.8287500e+00  -8.4828579e+00
   3.8306250e+00  -8.3269748e+00
   3.8325000e+00  -8.0906214e+00
   3.8343750e+00  -7.8844166e+00
   3.8362500e+00  -7.7084400e+00
   3.8381250e+00  -7.5921120e+00
   3.8400000e+00  -7.4769068e+00
   3.8418750e+00  -7.4887457e+00
   3.8437500e+00  -7.6165819e+00
   3.8456250e+00  -7.6791625e+00
   3.8475000e+00  -7.6773626e+00
   3.8493750e+00  -7.7845509e+00
   3.8512500e+00  -7.9547891e+00
   3.8531250e+00  -8.1275306e+00
   3.8550000e+00  -8.2146246e+00
   3.8568750e+00  -8.2115447e+00
   3.8587500e+00  -8.1469657e+00
   3.8606250e+00  -7.9594743e+00
   3.8625000e+00  -7.7701922e+00
   3.8643750e+00  -7.6420024e+00
   3.8662500e+00  -7.5490115e+00
   3.8681250e+00  -7.4591446e+00
   3.8700000e+00  -7.4866927e+00
   3.8718750e+00  -7.4561580e+00
   3.8737500e+00  -7.5452855e+00
   3.8756250e+00  -7.7013589e+00
   3.8775000e+00  -7.8178714e+00
   3.8793750e+00  -8.0068345e+00
   3.8812500e+00  -8.1340384e+00
   3.8831250e+00  -8.2115324e+00
   3.8850000e+00  -8.1606981e+00
   3.8868750e+00  -8.3370597e+00
   3.8887500e+00  -8.2956011e+00
   3.8906250e+00  -8.3331588e+00
   3.8925000e+00  -8.1094036e+00
   3.8943750e+00  -8.1132580e+00
   3.8962500e+00  -8.1404867e+00
   3.8981250e+00  -8.0911085e+00
   3.9000000e+00  -8.1836033e+00
   3.9018750e+00  -8.0214557e+00
   3.9037500e+00  -8.1094202e+00
   3.9056250e+00  -8.1722296e+00
   3.9075000e+00  -8.2232084e+00
   3.9093750e+00  -8.2835025e+00
   3.9112500e+00  -8.2469318e+00
   3.9131250e+00  -8.2884815e+00
   3.9150000e+00  -8.3397502e+00
   3.9168750e+00  -8.4701158e+00
   3.9187500e+00  -8.5533706e+00
   3.9206250e+00  -8.3599745e+00
   3.9225000e+00  -8.3072778e+00
   3.9243750e+00  -8.2336331e+00
   3.9262500e+00  -8.2635763e+00
   3.9281250e+00  -8.1618978e+00
   3.9300000e+00  -8.1542511e+00
   3.9318750e+00  -8.0101552e+00
   3.9337500e+00  -8.0773711e+00
   3.9356250e+00  -8.0226062e+00
   3.9375000e+00  -7.9805760e+00
   3.9393750e+00  -7.9326690e+00
   3.9412500e+00  -7.7528867e+00
   3.9431250e+00  -7.7341836e+00
   3.9450000e+00  -7.8130594e+00
   3.9468750e+00  -7.8947849e+00
   3.9487500e+00  -7.9902558e+00
   3.9506250e+00  -7.9134387e+00
   3.9525000e+00  -8.0155406e+00
   3.9543750e+00  -7.9362691e+00
   3.9562500e+00  -8.0102980e+00
   3.9581250e+00  -7.8499777e+00
   3.9600000e+00  -7.8058677e+00
   3.9618750e+00  -7.6281469e+00
   3.9637500e+00  -7.5299698e+00
   3.9656250e+00  -7.4633326e+00
   3.9675000e+00  -7.4544583e+00
   3.9693750e+00  -7.3812578e+00
   3.9712500e+00  -7.4417386e+00
   3.9731250e+00  -7.3940886e+00
   3.9750000e+00  -7.5544257e+00
   3.9768750e+00  -7.6302847e+00
   3.9787500e+00  -7.7740000e+00
   3.9806250e+00  -7.9349111e+00
   3.9825000e+00  -7.9531231e+00
   3.9843750e+00  -8.1443408e+00
   3.9862500e+00  -8.0832672e+00
   3.9881250e+00  -8.0954559e+00
   3.9900000e+00  -7.9146952e+00
   3.9918750e+00  -7.7052374e+00
   3.9937500e+00  -7.7734934e+00
   3.9956250e+00  -7.7067203e+00
   3.9975000e+00  -7.6201567e+00
   3.9993750e+00  -8.2251476e+00
   4.0012500e+00  -7.9259353e+00
   4.0031250e+00  -8.0381153e+00
   4.0050000e+00  -8.1311503e+00
   4.0068750e+00  -8.2414873e+00
   4.0087500e+00  -8.4630882e+00
   4.0106250e+00  -8.6005918e+00
   4.0125000e+00  -8.6156271e+00
   4.0143750e+00  -8.6218521e+00
   4.0162500e+00  -8.5480806e+00
   4.0181250e+00  -8.4394650e+00
   4.0200000e+00  -8.1927884e+00
   4.0218750e+00  -8.0778169e+00
   4.0237500e+00  -7.9094821e+00
   4.0256250e+00  -7.9057638e+00
   4.0275000e+00  -7.9672498e+00
   4.0293750e+00  -8.0190727e+00
   4.0312500e+00  -7.9163160e+00
   4.0331250e+00  -7.9622801e+00
   4.0350000e+00  -8.0322008e+00
   4.0368750e+00  -8.2196781e+00
   4.0387500e+00  -8.2760235e+00
   4.0406250e+00  -8.3249057e+00
   4.0425000e+00  -8.1802039e+00
   4.0443750e+00  -8.1245351e+00
   4.0462500e+00  -7.9965700e+00
   4.0481250e+00  -7.8470010e+00
   4.0500000e+00  -7.6455076e+00
   4.0518750e+00  -7.3854396e+00
   4.0537500e+00  -7.3179251e+00
   4.0556250e+00  -7.3264764e+00
   4.0575000e+00  -7.3339354e+00
   4.0593750e+00  -7.4465245e+00
   4.0612500e+00  -7.5890383e+00
   4.0631250e+00  -7.6297142e+00
   4.0650000e+00  -7.8626393e+00
   4.0668750e+00  -7.8766498e+00
   4.0687500e+00  -7.9440712e+00
   4.0706250e+00  -7.8112088e+00
   4.0725000e+00  -7.7910493e+00
   4.0743750e+00  -7.7477396e+00
   4.0762500e+00  -7.6944663e+00
   4.0781250e+00  -7.5222029e+00
   4.0800000e+00  -7.3379013e+00
   4.0818750e+00  -7.3571023e+00
   4.0837500e+00  -7.3356857e+00
   4.0856250e+00  -7.3543989e+00
   4.0875000e+00  -7.5314818e+00
   4.0893750e+00  -7.5623453e+00
   4.0912500e+00  -7.7605067e+00
   4.0931250e+00  -7.9746427e+00
   4.0950000e+00  -8.1241997e+00
   4.0968750e+00  -8.2300038e+00
   4.0987500e+00  -8.0878987e+00
   4.1006250e+00  -8.1026749e+00
   4.1025000e+00  -7.9723233e+00
   4.1043750e+00  -7.9709554e+00
   4.1062500e+00  -7.9915830e+00
   4.1081250e+00  -7.9015841e+00
   4.1100000e+00  -7.8040556e+00
   4.1118750e+00  -7.8415114e+00
   4.1137500e+00  -7.9577808e+00
   4.1156250e+00  -7.9937552e+00
   4.1175000e+00  -8.1320306e+00
   4.1193750e+00  -8.1835368e+00
   4.1212500e+00  -8.2123439e+00
   4.1231250e+00  -8.3338993e+00
   4.1250000e+00  -8.4680314e+00
   4.1268750e+00  -8.3596628e+00
   4.1287500e+00  -8.3414407e+00
   4.1306250e+00  -8.1368027e+00
   4.1325000e+00  -8.1008580e+00
   4.1343750e+00  -8.0345879e+00
   4.1362500e+00  -8.1166226e+00
   4.1381250e+00  -8.0383213e+00
   4.1400000e+00  -7.9888983e+00
   4.1418750e+00  -7.9961675e+00
   4.1437500e+00  -7.9817165e+00
   4.1456250e+00  -8.0183953e+00
   4.1475000e+00  -8.0266361e+00
   4.1493750e+00  -7.9426550e+00
   4.1512500e+00  -7.9079791e+00
   4.1531250e+00  -7.9322827e+00
   4.1550000e+00  -7.8983187e+00
   4.1568750e+00  -7.7347773e+00
   4.1587500e+00  -7.7413817e+00
   4.1606250e+00  -7.6419077e+00
   4.1625000e+00  -7.5966540e+00
   4.1643750e+00  -7.6101126e+00
   4.1662500e+00  -7.6666495e+00
   4.1681250e+00  -7.6633285e+00
   4.1700000e+00  -7.6945816e+00
   4.1718750e+00  -7.6198662e+00
   4.1737500e+00  -7.5357028e+00
   4.1756250e+00  -7.5036706e+00
   4.1775000e+00  -7.4952883e+00
   4.1793750e+00  -7.4671377e+00
   4.1812500e+00  -7.4228690e+00
   4.1831250e+00  -7.3704941e+00
   4.1850000e+00  -7.4934040e+00
   4.1868750e+00  -7.6497566e+00
   4.1887500e+00  -7.6532159e+00
   4.1906250e+00  -7.6742542e+00
   4.1925000e+00  -7.6540258e+00
   4.1943750e+00  -7.7588778e+00
   4.1962500e+00  -7.7849655e+00
   4.1981250e+00  -7.8747945e+00
   4.2000000e+00  -7.8941320e+00
   4.2018750e+00  -7.8489196e+00
   4.2037500e+00  -7.8439488e+00
   4.2056250e+00  -7.7990175e+00
   4.2075000e+00  -7.7471270e+00
   4.2093750e+00  -7.7333906e+00
   4.2112500e+00  -7.6410378e+00
   4.2131250e+00  -7.6406149e+00
   4.2150000e+00  -7.8225327e+00
   4.2168750e+00  -8.1217007e+00
   4.2187500e+00  -8.0683301e+00
   4.2206250e+00  -8.2905459e+00
   4.2225000e+00  -8.2157200e+00
   4.2243750e+00  -8.3414025e+00
   4.2262500e+00  -8.4563814e+00
   4.2281250e+00  -8.4474706e+00
   4.2300000e+00  -8.3194742e+00
   4.2318750e+00  -8.2147874e+00
   4.2337500e+00  -8.2347561e+00
   4.2356250e+00  -8.0949541e+00
   4.2375000e+00  -7.9312914e+00
   4.2393750e+00  -7.8111231e+00
   4.2412500e+00  -7.7249273e+00
   4.2431250e+00  -7.7966939e+00
   4.2450000e+00  -7.9244368e+00
   4.2468750e+00  -8.1119037e+00
   4.2487500e+00  -8.2164549e+00
   4.2506250e+00  -8.3022730e+00
   4.2525000e+00  -8.3410456e+00
   4.2543750e+00  -8.3485586e+00
   4.2562500e+00  -8.2202175e+00
   4.2581250e+00  -8.1186494e+00
   4.2600000e+00  -7.9292757e+00
   4.2618750e+00  -7.6662405e+00
   4.2637500e+00  -7.5285882e+00
   4.2656250e+00  -7.3982281e+00
   4.2675000e+00  -7.2807849e+00
   4.2693750e+00  -7.2138875e+00
   4.2712500e+00  -7.1646146e+00
   4.2731250e+00  -7.2623972e+00
   4.2750000e+00  -7.4169062e+00
   4.2768750e+00  -7.6456044e+00
   4.2787500e+00  -7.9281901e+00
   4.2806250e+00  -7.9803227e+00
   4.2825000e+00  -7.9822196e+00
   4.2843750e+00  -7.7740063e+00
   4.2862500e+00  -7.7982926e+00
   4.2881250e+00  -7.5874522e+00
   4.2900000e+00  -7.5398896e+00
   4.2918750e+00  -7.2567264e+00
   4.2937500e+00  -7.1056194e+00
   4.2956250e+00  -7.0277487e+00
   4.2975000e+00  -7.0623206e+00
   4.2993750e+00  -7.1436548e+00
   4.3012500e+00  -7.1357250e+00
   4.3031250e+00  -7.3350540e+00
   4.3050000e+00  -7.5284067e+00
   4.3068750e+00  -7.9118561e+00
   4.3087500e+00  -8.1563036e+00
   4.3106250e+00  -8.1833161e+00
   4.3125000e+00  -8.2751280e+00
   4.3143750e+00  -8.2153736e+00
   4.3162500e+00  -8.1455018e+00
   4.3181250e+00  -8.1077218e+00
   4.3200000e+00  -7.8470157e+00
   4.3218750e+00  -7.7983275e+00
   4.3237500e+00  -7.6923198e+00
   4.3256250e+00  -7.8048689e+00
   4.3275000e+00  -7.8069119e+00
   4.3293750e+00  -7.8609375e+00
   4.3312500e+00  -7.9415140e+00
   4.3331250e+00  -7.9162584e+00
   4.3350000e+00  -8.1657710e+00
   4.3368750e+00  -8.3503102e+00
   4.3387500e+00  -8.4784298e+00
   4.3406250e+00  -8.5153757e+00
   4.3425000e+00  -8.5280732e+00
   4.3443750e+00  -8.5441311e+00
   4.3462500e+00  -8.5837100e+00
   4.3481250e+00  -8.4139123e+00
   4.3500000e+00  -8.1568697e+00
   4.3518750e+00  -8.0464652e+00
   4.3537500e+00  -8.0004801e+00
   4.3556250e+00  -7.9454551e+00
   4.3575000e+00  -7.8794717e+00
   4.3593750e+00  -7.8744331e+00
   4.3612500e+00  -7.8254840e+00
   4.3631250e+00  -7.9762559e+00
   4.3650000e+00  -7.9205256e+00
   4.3668750e+00  -7.9854405e+00
   4.3687500e+00  -8.0150079e+00
   4.3706250e+00  -8.0151559e+00
   4.3725000e+00  -7.9684760e+00
   4.3743750e+00  -8.0078506e+00
   4.3762500e+00  -7.9327179e+00
   4.3781250e+00  -7.8590808e+00
   4.3800000e+00  -7.6583363e+00
   4.3818750e+00  -7.6141603e+00
   4.3837500e+00  -7.5593709e+00
   4.3856250e+00  -7.4858505e+00
   4.3875000e+00  -7.5531277e+00
   4.3893750e+00  -7.5057935e+00
   4.3912500e+00  -7.4272080e+00
   4.3931250e+00  -7.3948905e+00
   4.3950000e+00  -7.4605474e+00
   4.3968750e+00  -7.5212439e+00
   4.3987500e+00  -7.4986444e+00
   4.4006250e+00  -7.5056296e+00
   4.4025000e+00  -7.6530928e+00
   4.4043750e+00  -7.7091033e+00
   4.4062500e+00  -7.8229115e+00
   4.4081250e+00  -7.9530602e+00
   4.4100000e+00  -7.9433474e+00
   4.4118750e+00  -7.8934114e+00
   4.4137500e+00  -7.9368410e+00
   4.4156250e+00  -7.9804796e+00
   4.4175000e+00  -7.9170884e+00
   4.4193750e+00  -7.8967161e+00
   4.4212500e+00  -7.7951088e+00
   4.4231250e+00  -7.7607767e+00
   4.4250000e+00  -7.7162470e+00
   4.4268750e+00  -7.7353175e+00
   4.4287500e+00  -7.8118389e+00
   4.4306250e+00  -7.9052449e+00
   4.4325000e+00  -8.0628596e+00
   4.4343750e+00  -8.2038383e+00
   4.4362500e+00  -8.5087511e+00
   4.4381250e+00  -8.7332223e+00
   4.4400000e+00  -8.9488130e+00
   4.4418750e+00  -8.8336797e+00
   4.4437500e+00  -8.7989610e+00
   4.4456250e+00  -8.7388372e+00
   4.4475000e+00  -8.5991422e+00
   4.4493750e+00  -8.4304470e+00
   4.4512500e+00  -8.2568580e+00
   4.4531250e+00  -8.1417772e+00
   4.4550000e+00  -8.0535955e+00
   4.4568750e+00  -8.0946856e+00
   4.4587500e+00  -8.1695612e+00
   4.4606250e+00  -8.1278079e+00
   4.4625000e+00  -8.2887391e+00
   4.4643750e+00  -8.4601835e+00
   4.4662500e+00  -8.8451985e+00
   4.4681250e+00  -8.9323032e+00
   4.4700000e+00  -9.0075009e+00
   4.4718750e+00  -8.7620460e+00
   4.4737500e+00  -8.6520402e+00
   4.4756250e+00  -8.4990133e+00
   4.4775000e+00  -8.1593836e+00
   4.4793750e+00  -7.8425578e+00
   4.4812500e+00  -7.5797781e+00
   4.4831250e+00  -7.4843039e+00
   4.4850000e+00  -7.5351526e+00
   4.4868750e+00  -7.5990377e+00
   4.4887500e+00  -7.6970511e+00
   4.4906250e+00  -7.8018249e+00
   4.4925000e+00  -7.9560074e+00
   4.4943750e+00  -8.1513026e+00
   4.4962500e+00  -8.3227589e+00
   4.4981250e+00  -8.3959266e+00
   4.5000000e+00  -8.4032179e+00
   4.5018750e+00  -8.2643514e+00
   4.5037500e+00  -8.1760109e+00
   4.5056250e+00  -7.9067502e+00
   4.5075000e+00  -7.7097448e+00
   4.5093750e+00  -7.5603179e+00
   4.5112500e+00  -7.3779215e+00
   4.5131250e+00  -7.3585011e+00
   4.5150000e+00  -7.4534179e+00
   4.5168750e+00  -7.5130128e+00
   4.5187500e+00  -7.6874879e+00
   4.5206250e+00  -7.8346551e+00
   4.5225000e+00  -8.0637943e+00
   4.5243750e+00  -8.3328805e+00
   4.5262500e+00  -8.5460760e+00
   4.5281250e+00  -8.6491874e+00
   4.5300000e+00  -8.6231024e+00
   4.5318750e+00  -8.6077182e+00
   4.5337500e+00  -8.5536269e+00
   4.5356250e+00  -8.3652876e+00
   4.5375000e+00  -8.2716319e+00
   4.5393750e+00  -8.1988269e+00
   4.5412500e+00  -8.2418497e+00
   4.5431250e+00  -8.0773757e+00
   4.5450000e+00  -8.1919039e+00
   4.5468750e+00  -8.3370353e+00
   4.5487500e+00  -8.5145071e+00
   4.5506250e+00  -8.8302316e+00
   4.5525000e+00  -8.8077723e+00
   4.5543750e+00  -8.9037797e+00
   4.5562500e+00  -8.9659610e+00
   4.5581250e+00  -9.0876683e+00
   4.5600000e+00  -9.0602938e+00
   4.5618750e+00  -8.9754326e+00
   4.5637500e+00  -8.8532958e+00
   4.5656250e+00  -8.9046735e+00
   4.5675000e+00  -8.8250031e+00
   4.5693750e+00  -8.7386683e+00
   4.5712500e+00  -8.6431971e+00
   4.5731250e+00  -8.5641203e+00
   4.5750000e+00  -8.6238832e+00
   4.5768750e+00  -8.7105033e+00
   4.5787500e+00  -8.8386175e+00
   4.5806250e+00  -8.7685529e+00
   4.5825000e+00  -8.7812879e+00
   4.5843750e+00  -8.6629215e+00
   4.5862500e+00  -8.6373093e+00
   4.5881250e+00  -8.5809392e+00
   4.5900000e+00  -8.4055825e+00
   4.5918750e+00  -8.3427668e+00
   4.5937500e+00  -8.3976356e+00
   4.5956250e+00  -8.5184283e+00
   4.5975000e+00  -8.5627326e+00
   4.5993750e+00  -8.4350613e+00
   4.6012500e+00  -8.3435997e+00
   4.6031250e+00  -8.3634335e+00
   4.6050000e+00  -8.3497783e+00
   4.6068750e+00  -8.3032958e+00
   4.6087500e+00  -8.2368769e+00
   4.6106250e+00  -8.0797856e+00
   4.6125000e+00  -8.1344560e+00
   4.6143750e+00  -8.1783891e+00
   4.6162500e+00  -8.1965463e+00
   4.6181250e+00  -8.1307610e+00
   4.6200000e+00  -8.0751142e+00
   4.6218750e+00  -8.1365211e+00
   4.6237500e+00  -8.4109704e+00
   4.6256250e+00  -8.5069414e+00
   4.6275000e+00  -8.6895968e+00
   4.6293750e+00  -8.6946482e+00
   4.6312500e+00  -8.7451824e+00
   4.6331250e+00  -8.6317521e+00
   4.6350000e+00  -8.6422048e+00
   4.6368750e+00  -8.7010980e+00
   4.6387500e+00  -8.4523323e+00
   4.6406250e+00  -8.3484381e+00
   4.6425000e+00  -8.4267790e+00
   4.6443750e+00  -8.4710630e+00
   4.6462500e+00  -8.5468040e+00
   4.6481250e+00  -8.7472693e+00
   4.6500000e+00  -8.7695309e+00
   4.6518750e+00  -9.0205463e+00
   4.6537500e+00  -9.2255722e+00
   4.6556250e+00  -9.4375478e+00
   4.6575000e+00  -9.5179988e+00
   4.6593750e+00  -9.7038030e+00
   4.6612500e+00  -9.4446909e+00
   4.6631250e+00  -9.4010136e+00
   4.6650000e+00  -9.2495040e+00
   4.6668750e+00  -9.1157831e+00
   4.6687500e+00  -9.1261531e+00
   4.6706250e+00  -9.0355544e+00
   4.6725000e+00  -9.0370812e+00
   4.6743750e+00  -9.0486526e+00
   4.6762500e+00  -9.2984141e+00
   4.6781250e+00  -9.4930780e+00
   4.6800000e+00  -9.6663926e+00
   4.6818750e+00  -9.6602685e+00
   4.6837500e+00  -9.7420805e+00
   4.6856250e+00  -9.7535657e+00
   4.6875000e+00  -9.8300632e+00
   4.6893750e+00  -9.6040978e+00
   4.6912500e+00  -9.5097145e+00
   4.6931250e+00  -9.2707091e+00
   4.6950000e+00  -9.1170219e+00
   4.6968750e+00  -8.9152298e+00
   4.6987500e+00  -8.9306794e+00
   4.7006250e+00  -8.7849218e+00
   4.7025000e+00  -8.8777536e+00
   4.7043750e+00  -9.0137780e+00
   4.7062500e+00  -9.2922018e+00
   4.7081250e+00  -9.3915074e+00
   4.7100000e+00  -9.4545951e+00
   4.7118750e+00  -9.4886511e+00
   4.7137500e+00  -9.3471772e+00
   4.7156250e+00  -9.2741463e+00
   4.7175000e+00  -9.3701736e+00
   4.7193750e+00  -9.1035013e+00
   4.7212500e+00  -8.9537128e+00
   4.7231250e+00  -8.7715059e+00
   4.7250000e+00  -8.7775527e+00
   4.7268750e+00  -8.7974506e+00
   4.7287500e+00  -8.6631272e+00
   4.7306250e+00  -8.7870011e+00
   4.7325000e+00  -8.8823297e+00
   4.7343750e+00  -9.0858559e+00
   4.7362500e+00  -9.4653344e+00
   4.7381250e+00  -9.6070572e+00
   4.7400000e+00  -9.5257855e+00
   4.7418750e+00  -9.5409923e+00
   4.7437500e+00  -9.6242463e+00
   4.7456250e+00  -9.5699175e+00
   4.7475000e+00  -9.5388915e+00
   4.7493750e+00  -9.3314026e+00
   4.7512500e+00  -9.2515822e+00
   4.7531250e+00  -9.2663612e+00
   4.7550000e+00  -9.4331299e+00
   4.7568750e+00  -9.4386363e+00
   4.7587500e+00  -9.4540456e+00
   4.7606250e+00  -9.5687188e+00
   4.7625000e+00  -9.7294190e+00
   4.7643750e+00  -1.0109936e+01
   4.7662500e+00  -1.0393873e+01
   4.7681250e+00  -1.0560133e+01
   4.7700000e+00  -1.0469511e+01
   4.7718750e+00  -1.0538804e+01
   4.7737500e+00  -1.0408876e+01
   4.7756250e+00  -1.0326241e+01
   4.7775000e+00  -1.0156602e+01
   4.7793750e+00  -1.0112960e+01
   4.7812500e+00  -1.0047704e+01
   4.7831250e+00  -1.0055459e+01
   4.7850000e+00  -1.0157506e+01
   4.7868750e+00  -1.0192049e+01
   4.7887500e+00  -1.0252301e+01
   4.7906250e+00  -1.0356453e+01
   4.7925000e+00  -1.0537599e+01
   4.7943750e+00  -1.0661046e+01
   4.7962500e+00  -1.0725951e+01
   4.7981250e+00  -1.0757856e+01
   4.8000000e+00  -1.0722877e+01
   4.8018750e+00  -1.0618923e+01
   4.8037500e+00  -1.0484110e+01
   4.8056250e+00  -1.0307741e+01
   4.8075000e+00  -1.0150418e+01
   4.8093750e+00  -9.9602811e+00
   4.8112500e+00  -9.9210545e+00
   4.8131250e+00  -9.9208127e+00
   4.8150000e+00  -9.9589958e+00
   4.8168750e+00  -1.0138547e+01
   4.8187500e+00  -1.0249547e+01
   4.8206250e+00  -1.0217532e+01
   4.8225000e+00  -1.0259933e+01
   4.8243750e+00  -1.0320854e+01
   4.8262500e+00  -1.0312527e+01
   4.8281250e+00  -1.0197609e+01
   4.8300000e+00  -1.0115369e+01
   4.8318750e+00  -9.9519321e+00
   4.8337500e+00  -9.9210655e+00
   4.8356250e+00  -9.9066819e+00
   4.8375000e+00  -9.9593138e+00
   4.8393750e+00  -9.8979071e+00
   4.8412500e+00  -9.9285494e+00
   4.8431250e+00  -9.8562052e+00
   4.8450000e+00  -1.0136928e+01
   4.8468750e+00  -1.0282182e+01
   4.8487500e+00  -1.0286926e+01
   4.8506250e+00  -1.0276012e+01
   4.8525000e+00  -1.0215939e+01
   4.8543750e+00  -1.0335204e+01
   4.8562500e+00  -1.0465090e+01
   4.8581250e+00  -1.0459804e+01
   4.8600000e+00  -1.0424311e+01
   4.8618750e+00  -1.0331776e+01
   4.8637500e+00  -1.0609417e+01
   4.8656250e+00  -1.0849542e+01
   4.8675000e+00  -1.1064116e+01
   4.8693750e+00  -1.1001092e+01
   4.8712500e+00  -1.1064969e+01
   4.8731250e+00  -1.1003860e+01
   4.8750000e+00  -1.1275968e+01
   4.8768750e+00  -1.1346324e+01
   4.8787500e+00  -1.1200873e+01
   4.8806250e+00  -1.0961673e+01
   4.8825000e+00  -1.0877805e+01
   4.8843750e+00  -1.0983734e+01
   4.8862500e+00  -1.1135516e+01
   4.8881250e+00  -1.1285532e+01
   4.8900000e+00  -1.1468748e+01
   4.8918750e+00  -1.1670448e+01
   4.8937500e+00  -1.1959103e+01
   4.8956250e+00  -1.2341403e+01
   4.8975000e+00  -1.2352740e+01
   4.8993750e+00  -1.2346105e+01
   4.9012500e+00  -1.1962534e+01
   4.9031250e+00  -1.1848796e+01
   4.9050000e+00  -1.1726675e+01
   4.9068750e+00  -1.1540261e+01
   4.9087500e+00  -1.1292734e+01
   4.9106250e+00  -1.1092989e+01
   4.9125000e+00  -1.0981055e+01
   4.9143750e+00  -1.1137697e+01
   4.9162500e+00  -1.1203170e+01
   4.9181250e+00  -1.1520027e+01
   4.9200000e+00  -1.1885534e+01
   4.9218750e+00  -1.2152389e+01
   4.9237500e+00  -1.2495389e+01
   4.9256250e+00  -1.2541084e+01
   4.9275000e+00  -1.2601644e+01
   4.9293750e+00  -1.2199669e+01
   4.9312500e+00  -1.1732185e+01
   4.9331250e+00  -1.1240671e+01
   4.9350000e+00  -1.1000949e+01
   4.9368750e+00  -1.0776391e+01
   4.9387500e+00  -1.0696982e+01
   4.9406250e+00  -1.0622947e+01
   4.9425000e+00  -1.0798488e+01
   4.9443750e+00  -1.0813991e+01
   4.9462500e+00  -1.1197928e+01
   4.9481250e+00  -1.1472262e+01
   4.9500000e+00  -1.1918787e+01
   4.9518750e+00  -1.2068974e+01
   4.9537500e+00  -1.2328660e+01
   4.9556250e+00  -1.2540315e+01
   4.9575000e+00  -1.2819564e+01
   4.9593750e+00  -1.2452833e+01
   4.9612500e+00  -1.2087470e+01
   4.9631250e+00  -1.1655588e+01
   4.9650000e+00  -1.1472845e+01
   4.9668750e+00  -1.1295716e+01
   4.9687500e+00  -1.1154635e+01
   4.9706250e+00  -1.1111646e+01
   4.9725000e+00  -1.1141716e+01
   4.9743750e+00  -1.1535544e+01
   4.9762500e+00  -1.1855996e+01
   4.9781250e+00  -1.2521815e+01
   4.9800000e+00  -1.2862641e+01
   4.9818750e+00  -1.3143901e+01
   4.9837500e+00  -1.3423836e+01
   4.9856250e+00  -1.3910480e+01
   4.9875000e+00  -1.4277457e+01
   4.9893750e+00  -1.3804141e+01
   4.9912500e+00  -1.3248004e+01
   4.9931250e+00  -1.3015345e+01
   4.9950000e+00  -1.2773671e+01
   4.9968750e+00  -1.2840077e+01
   4.9987500e+00  -1.2510345e+01
   5.0006250e+00  -1.2341541e+01
   5.0025000e+00  -1.2537329e+01
   5.0043750e+00  -1.3076403e+01
   5.0062500e+00  -1.3460989e+01
   5.0081250e+00  -1.4025832e+01
   5.0100000e+00  -1.4196237e+01
   5.0118750e+00  -1.4349364e+01
   5.0137500e+00  -1.4514551e+01
   5.0156250e+00  -1.4781255e+01
   5.0175000e+00  -1.4795342e+01
   5.0193750e+00  -1.4313819e+01
   5.0212500e+00  -1.3633319e+01
   5.0231250e+00  -1.3490931e+01
   5.0250000e+00  -1.3215809e+01
   5.0268750e+00  -1.3042622e+01
   5.0287500e+00  -1.3007616e+01
   5.0306250e+00  -1.2991766e+01
   5.0325000e+00  -1.3132739e+01
   5.0343750e+00  -1.3463649e+01
   5.0362500e+00  -1.3739429e+01
   5.0381250e+00  -1.3954537e+01
   5.0400000e+00  -1.3848984e+01
   5.0418750e+00  -1.3676791e+01
   5.0437500e+00  -1.3511093e+01
   5.0456250e+00  -1.3601190e+01
   5.0475000e+00  -1.3590540e+01
   5.0493750e+00  -1.3629864e+01
   5.0512500e+00  -1.3475859e+01
   5.0531250e+00  -1.3346473e+01
   5.0550000e+00  -1.3560811e+01
   5.0568750e+00  -1.3505221e+01
   5.0587500e+00  -1.3336024e+01
   5.0606250e+00  -1.3237408e+01
   5.0625000e+00  -1.3397630e+01
   5.0643750e+00  -1.3318253e+01
   5.0662500e+00  -1.3430887e+01
   5.0681250e+00  -1.3433102e+01
   5.0700000e+00  -1.3379259e+01
   5.0718750e+00  -1.3503317e+01
   5.0737500e+00  -1.3521228e+01
   5.0756250e+00  -1.3908805e+01
   5.0775000e+00  -1.4056399e+01
   5.0793750e+00  -1.4421912e+01
   5.0812500e+00  -1.4577153e+01
   5.0831250e+00  -1.5009639e+01
   5.0850000e+00  -1.5339490e+01
   5.0868750e+00  -1.5672333e+01
   5.0887500e+00  -1.5464218e+01
   5.0906250e+00  -1.5138694e+01
   5.0925000e+00  -1.4840351e+01
   5.0943750e+00  -1.4704857e+01
   5.0962500e+00  -1.4457392e+01
   5.0981250e+00  -1.4501293e+01
   5.1000000e+00  -1.4397867e+01
   5.1018750e+00  -1.4602742e+01
   5.1037500e+00  -1.5053663e+01
   5.1056250e+00  -1.5872735e+01
   5.1075000e+00  -1.6615052e+01
   5.1093750e+00  -1.7397318e+01
   5.1112500e+00  -1.7773404e+01
   5.1131250e+00  -1.8312300e+01
   5.1150000e+00  -1.8854878e+01
   5.1168750e+00  -1.8340706e+01
   5.1187500e+00  -1.7274321e+01
   5.1206250e+00  -1.6604902e+01
   5.1225000e+00  -1.6085780e+01
   5.1243750e+00  -1.5847377e+01
   5.1262500e+00  -1.5789597e+01
   5.1281250e+00  -1.5947852e+01
   5.1300000e+00  -1.5837571e+01
   5.1318750e+00  -1.5922746e+01
   5.1337500e+00  -1.6784441e+01
   5.1356250e+00  -1.7857840e+01
   5.1375000e+00  -1.8498128e+01
   5.1393750e+00  -1.8287731e+01
   5.1412500e+00  -1.8620318e+01
   5.1431250e+00  -1.8793707e+01
   5.1450000e+00  -1.8872240e+01
   5.1468750e+00  -1.8116138e+01
   5.1487500e+00  -1.6880412e+01
   5.1506250e+00  -1.6255692e+01
   5.1525000e+00  -1.5525689e+01
   5.1543750e+00  -1.5458376e+01
   5.1562500e+00  -1.5593797e+01
   5.1581250e+00  -1.5525104e+01
   5.1600000e+00  -1.5536642e+01
   5.1618750e+00  -1.6059072e+01
   5.1637500e+00  -1.6846013e+01
   5.1656250e+00  -1.7563359e+01
   5.1675000e+00  -1.8063757e+01
   5.1693750e+00  -1.8589020e+01
   5.1712500e+00  -1.8391676e+01
   5.1731250e+00  -1.8779648e+01
   5.1750000e+00  -1.8445364e+01
   5.1768750e+00  -1.8211818e+01
   5.1787500e+00  -1.7662231e+01
   5.1806250e+00  -1.7085011e+01
   5.1825000e+00  -1.6758501e+01
   5.1843750e+00  -1.6569237e+01
   5.1862500e+00  -1.6729023e+01
   5.1881250e+00  -1.6871573e+01
   5.1900000e+00  -1.7012591e+01
   5.1918750e+00  -1.7375858e+01
   5.1937500e+00  -1.8567955e+01
   5.1956250e+00  -1.9580289e+01
   5.1975000e+00  -2.0651530e+01
   5.1993750e+00  -2.1229176e+01
   5.2012500e+00  -2.1930018e+01
   5.2031250e+00  -2.1791876e+01
   5.2050000e+00  -2.2259714e+01
   5.2068750e+00  -2.2104640e+01
   5.2087500e+00  -2.1215214e+01
   5.2106250e+00  -2.0804174e+01
   5.2125000e+00  -2.0070869e+01
   5.2143750e+00  -2.0152644e+01
   5.2162500e+00  -2.1213472e+01
   5.2181250e+00  -2.1797538e+01
   5.2200000e+00  -2.2058148e+01
   5.2218750e+00  -2.2567054e+01
   5.2237500e+00  -2.4067230e+01
   5.2256250e+00  -2.5991955e+01
   5.2275000e+00  -2.7308188e+01
   5.2293750e+00  -2.6214535e+01
   5.2312500e+00  -2.5578619e+01
   5.2331250e+00  -2.5142289e+01
   5.2350000e+00  -2.5852174e+01
   5.2368750e+00  -2.4967516e+01
   5.2387500e+00  -2.3594172e+01
   5.2406250e+00  -2.2774188e+01
   5.2425000e+00  -2.2801940e+01
   5.2443750e+00  -2.3991212e+01
   5.2462500e+00  -2.4683362e+01
   5.2481250e+00  -2.4627849e+01
   5.2500000e+00  -2.4084097e+01
   5.2518750e+00  -2.3790093e+01
   5.2537500e+00  -2.4354597e+01
   5.2556250e+00  -2.5051255e+01
   5.2575000e+00  -2.4301041e+01
   5.2593750e+00  -2.2841547e+01
   5.2612500e+00  -2.1997191e+01
   5.2631250e+00  -2.2211835e+01
   5.2650000e+00  -2.2778101e+01
   5.2668750e+00  -2.3440294e+01
   5.2687500e+00  -2.2973296e+01
   5.2706250e+00  -2.2392153e+01
   5.2725000e+00  -2.3203024e+01
   5.2743750e+00  -2.4246971e+01
   5.2762500e+00  -2.5210488e+01
   5.2781250e+00  -2.4800434e+01
   5.2800000e+00  -2.3221616e+01
   5.2818750e+00  -2.3255107e+01
   5.2837500e+00  -2.3434578e+01
   5.2856250e+00  -2.4032124e+01
   5.2875000e+00  -2.3712849e+01
   5.2893750e+00  -2.3657006e+01
   5.2912500e+00  -2.3009697e+01
   5.2931250e+00  -2.3684869e+01
   5.2950000e+00  -2.5196691e+01
   5.2968750e+00  -2.6641758e+01
   5.2987500e+00  -2.8067707e+01
   5.3006250e+00  -2.8431548e+01
   5.3025000e+00  -2.8617228e+01
   5.3043750e+00  -3.1677752e+01
   5.3062500e+00  -3.2594261e+01
   5.3081250e+00  -3.3654536e+01
   5.3100000e+00  -3.1058109e+01
   5.3118750e+00  -2.9980503e+01
   5.3137500e+00  -2.9594752e+01
   5.3156250e+00  -3.2014405e+01
   5.3175000e+00  -3.4009294e+01
   5.3193750e+00  -3.4819001e+01
   5.3212500e+00  -3.3013310e+01
   5.3231250e+00  -3.2955435e+01
   5.3250000e+00  -3.3753962e+01
   5.3268750e+00  -3.2870824e+01
   5.3287500e+00  -3.2812393e+01
   5.3306250e+00  -3.0314306e+01
   5.3325000e+00  -3.0979469e+01
   5.3343750e+00  -3.2874818e+01
   5.3362500e+00  -3.0450305e+01
   5.3381250e+00  -3.1164740e+01
   5.3400000e+00  -2.9741183e+01
   5.3418750e+00  -3.3003159e+01
   5.3437500e+00  -3.7208777e+01
   5.3456250e+00  -3.6106041e+01
   5.3475000e+00  -3.3215798e+01
   5.3493750e+00  -2.9708414e+01
   5.3512500e+00  -2.8514798e+01
   5.3531250e+00  -2.8285001e+01
   5.3550000e+00  -2.7140782e+01
   5.3568750e+00  -2.5437173e+01
   5.3587500e+00  -2.4559962e+01
   5.3606250e+00  -2.3932173e+01
   5.3625000e+00  -2.4086869e+01
   5.3643750e+00  -2.4635420e+01
   5.3662500e+00  -2.4655925e+01
   5.3681250e+00  -2.5348638e+01
   5.3700000e+00  -2.5667773e+01
   5.3718750e+00  -2.8086953e+01
   5.3737500e+00  -3.1622852e+01
   5.3756250e+00  -3.1515325e+01
   5.3775000e+00  -3.0408879e+01
   5.3793750e+00  -2.9479117e+01
   5.3812500e+00  -2.8587202e+01
   5.3831250e+00  -2.7905393e+01
   5.3850000e+00  -2.6536015e+01
   5.3868750e+00  -2.5383213e+01
   5.3887500e+00  -2.4305309e+01
   5.3906250e+00  -2.5156637e+01
   5.3925000e+00  -2.6117275e+01
   5.3943750e+00  -2.8352513e+01
   5.3962500e+00  -3.0097119e+01
   5.3981250e+00  -3.2717568e+01
   5.4000000e+00  -3.5586048e+01
   5.4018750e+00  -4.7655501e+01
   5.4037500e+00  -3.4681386e+01
   5.4056250e+00  -2.9237506e+01
   5.4075000e+00  -2.5917644e+01
   5.4093750e+00  -2.4884395e+01
   5.4112500e+00  -2.4947044e+01
   5.4131250e+00  -2.4337801e+01
   5.4150000e+00  -2.3166429e+01
   5.4168750e+00  -2.2735294e+01
   5.4187500e+00  -2.3063222e+01
   5.4206250e+00  -2.4431539e+01
   5.4225000e+00  -2.5633117e+01
   5.4243750e+00  -2.6425835e+01
   5.4262500e+00  -2.6414903e+01
   5.4281250e+00  -2.6482654e+01
   5.4300000e+00  -2.5552040e+01
   5.4318750e+00  -2.4447243e+01
   5.4337500e+00  -2.1745229e+01
   5.4356250e+00  -1.9910793e+01
   5.4375000e+00  -1.8881621e+01
   5.4393750e+00  -1.8344938e+01
   5.4412500e+00  -1.8079140e+01
   5.4431250e+00  -1.7679964e+01
   5.4450000e+00  -1.8190347e+01
   5.4468750e+00  -1.8120174e+01
   5.4487500e+00  -1.8739884e+01
   5.4506250e+00  -1.9181875e+01
   5.4525000e+00  -2.0349248e+01
   5.4543750e+00  -2.0791539e+01
   5.4562500e+00  -2.0692209e+01
   5.4581250e+00  -2.0199872e+01
   5.4600000e+00  -2.0109742e+01
   5.4618750e+00  -1.9838526e+01
   5.4637500e+00  -1.8875259e+01
   5.4656250e+00  -1.8008097e+01
   5.4675000e+00  -1.7270655e+01
   5.4693750e+00  -1.7074534e+01
   5.4712500e+00  -1.6866857e+01
   5.4731250e+00  -1.7067395e+01
   5.4750000e+00  -1.7318325e+01
   5.4768750e+00  -1.7668152e+01
   5.4787500e+00  -1.7940335e+01
   5.4806250e+00  -1.9196410e+01
   5.4825000e+00  -2.0263643e+01
   5.4843750e+00  -2.0712737e+01
   5.4862500e+00  -2.0653973e+01
   5.4881250e+00  -1.9870558e+01
   5.4900000e+00  -1.9660630e+01
   5.4918750e+00  -2.0163525e+01
   5.4937500e+00  -1.9687603e+01
   5.4956250e+00  -1.9104154e+01
   5.4975000e+00  -1.8693114e+01
   5.4993750e+00  -1.8739469e+01
   5.5012500e+00  -1.9170869e+01
   5.5031250e+00  -1.9406084e+01
   5.5050000e+00  -1.9630909e+01
   5.5068750e+00  -1.9368835e+01
   5.5087500e+00  -1.9326360e+01
   5.5106250e+00  -1.9517284e+01
   5.5125000e+00  -1.9823851e+01
   5.5143750e+00  -1.9369986e+01
   5.5162500e+00  -1.8601099e+01
   5.5181250e+00  -1.8141200e+01
   5.5200000e+00  -1.8402211e+01
   5.5218750e+00  -1.8648834e+01
   5.5237500e+00  -1.8803974e+01
   5.5256250e+00  -1.8343884e+01
   5.5275000e+00  -1.7674872e+01
   5.5293750e+00  -1.7433196e+01
   5.5312500e+00  -1.7321626e+01
   5.5331250e+00  -1.6902510e+01
   5.5350000e+00  -1.6210557e+01
   5.5368750e+00  -1.5358595e+01
   5.5387500e+00  -1.5118163e+01
   5.5406250e+00  -1.5041877e+01
   5.5425000e+00  -1.5133864e+01
   5.5443750e+00  -1.4836817e+01
   5.5462500e+00  -1.4691136e+01
   5.5481250e+00  -1.4582454e+01
   5.5500000e+00  -1.5123294e+01
   5.5518750e+00  -1.5720179e+01
   5.5537500e+00  -1.5888011e+01
   5.5556250e+00  -1.5757474e+01
   5.5575000e+00  -1.5506321e+01
   5.5593750e+00  -1.5202479e+01
   5.5612500e+00  -1.5108763e+01
   5.5631250e+00  -1.4562615e+01
   5.5650000e+00  -1.3678211e+01
   5.5668750e+00  -1.2931479e+01
   5.5687500e+00  -1.2739667e+01
   5.5706250e+00  -1.2855064e+01
   5.5725000e+00  -1.3297596e+01
   5.5743750e+00  -1.3493061e+01
   5.5762500e+00  -1.3377381e+01
   5.5781250e+00  -1.3700717e+01
   5.5800000e+00  -1.4264305e+01
   5.5818750e+00  -1.5196995e+01
   5.5837500e+00  -1.5585903e+01
   5.5856250e+00  -1.5593658e+01
   5.5875000e+00  -1.5299777e+01
   5.5893750e+00  -1.5066079e+01
   5.5912500e+00  -1.5073210e+01
   5.5931250e+00  -1.4592764e+01
   5.5950000e+00  -1.3833353e+01
   5.5968750e+00  -1.3344632e+01
   5.5987500e+00  -1.2982339e+01
   5.6006250e+00  -1.2963940e+01
   5.6025000e+00  -1.3295463e+01
   5.6043750e+00  -1.3669562e+01
   5.6062500e+00  -1.3800054e+01
   5.6081250e+00  -1.4284497e+01
   5.6100000e+00  -1.4875600e+01
   5.6118750e+00  -1.5899943e+01
   5.6137500e+00  -1.6690049e+01
   5.6156250e+00  -1.6133843e+01
   5.6175000e+00  -1.5449157e+01
   5.6193750e+00  -1.4622472e+01
   5.6212500e+00  -1.4565537e+01
   5.6231250e+00  -1.3921635e+01
   5.6250000e+00  -1.3224397e+01
   5.6268750e+00  -1.2571326e+01
   5.6287500e+00  -1.2059323e+01
   5.6306250e+00  -1.2168049e+01
   5.6325000e+00  -1.2437390e+01
   5.6343750e+00  -1.2751591e+01
   5.6362500e+00  -1.2742312e+01
   5.6381250e+00  -1.2961473e+01
   5.6400000e+00  -1.3572903e+01
   5.6418750e+00  -1.3799120e+01
   5.6437500e+00  -1.4072945e+01
   5.6456250e+00  -1.3763446e+01
   5.6475000e+00  -1.3017360e+01
   5.6493750e+00  -1.2437719e+01
   5.6512500e+00  -1.2183493e+01
   5.6531250e+00  -1.1777275e+01
   5.6550000e+00  -1.1052400e+01
   5.6568750e+00  -1.0439393e+01
   5.6587500e+00  -1.0359638e+01
   5.6606250e+00  -1.0470798e+01
   5.6625000e+00  -1.0825625e+01
   5.6643750e+00  -1.0926269e+01
   5.6662500e+00  -1.1236981e+01
   5.6681250e+00  -1.1555567e+01
   5.6700000e+00  -1.1797777e+01
   5.6718750e+00  -1.2022907e+01
   5.6737500e+00  -1.2118347e+01
   5.6756250e+00  -1.1625531e+01
   5.6775000e+00  -1.1223047e+01
   5.6793750e+00  -1.1232020e+01
   5.6812500e+00  -1.0985676e+01
   5.6831250e+00  -1.0957090e+01
   5.6850000e+00  -1.0720815e+01
   5.6868750e+00  -1.0452107e+01
   5.6887500e+00  -1.0354314e+01
   5.6906250e+00  -1.0370105e+01
   5.6925000e+00  -1.0786616e+01
   5.6943750e+00  -1.0808016e+01
   5.6962500e+00  -1.0916647e+01
   5.6981250e+00  -1.0984688e+01
   5.7000000e+00  -1.1458781e+01
   5.7018750e+00  -1.1544609e+01
   5.7037500e+00  -1.1503989e+01
   5.7056250e+00  -1.1412640e+01
   5.7075000e+00  -1.1293659e+01
   5.7093750e+00  -1.1273752e+01
   5.7112500e+00  -1.1298981e+01
   5.7131250e+00  -1.1456318e+01
   5.7150000e+00  -1.1365310e+01
   5.7168750e+00  -1.1211891e+01
   5.7187500e+00  -1.1247280e+01
   5.7206250e+00  -1.1315975e+01
   5.7225000e+00  -1.1257153e+01
   5.7243750e+00  -1.1065126e+01
   5.7262500e+00  -1.0851370e+01
   5.7281250e+00  -1.0622043e+01
   5.7300000e+00  -1.0638815e+01
   5.7318750e+00  -1.0788791e+01
   5.7337500e+00  -1.0788710e+01
   5.7356250e+00  -1.0561814e+01
   5.7375000e+00  -1.0650995e+01
   5.7393750e+00  -1.0817607e+01
   5.7412500e+00  -1.1068769e+01
   5.7431250e+00  -1.1161989e+01
   5.7450000e+00  -1.0848834e+01
   5.7468750e+00  -1.0464537e+01
   5.7487500e+00  -1.0086067e+01
   5.7506250e+00  -9.9813757e+00
   5.7525000e+00  -9.9098438e+00
   5.7543750e+00  -9.3771762e+00
   5.7562500e+00  -9.2075725e+00
   5.7581250e+00  -8.8914115e+00
   5.7600000e+00  -8.9650723e+00
   5.7618750e+00  -9.0331738e+00
   5.7637500e+00  -9.1768237e+00
   5.7656250e+00  -9.0472036e+00
   5.7675000e+00  -9.1643971e+00
   5.7693750e+00  -9.5338899e+00
   5.7712500e+00  -9.7602086e+00
   5.7731250e+00  -9.8759655e+00
   5.7750000e+00  -9.8342826e+00
   5.7768750e+00  -9.4280030e+00
   5.7787500e+00  -9.1218855e+00
   5.7806250e+00  -8.9892452e+00
   5.7825000e+00  -8.7200423e+00
   5.7843750e+00  -8.3670904e+00
   5.7862500e+00  -8.0741124e+00
   5.7881250e+00  -8.0054566e+00
   5.7900000e+00  -8.2673195e+00
   5.7918750e+00  -8.5825851e+00
   5.7937500e+00  -8.6118095e+00
   5.7956250e+00  -8.7799109e+00
   5.7975000e+00  -8.9218244e+00
   5.7993750e+00  -9.1721249e+00
   5.8012500e+00  -9.5570069e+00
   5.8031250e+00  -9.7371218e+00
   5.8050000e+00  -9.6766213e+00
   5.8068750e+00  -9.3290443e+00
   5.8087500e+00  -9.2622472e+00
   5.8106250e+00  -9.0643036e+00
   5.8125000e+00  -9.0532190e+00
   5.8143750e+00  -8.6963240e+00
   5.8162500e+00  -8.3892301e+00
   5.8181250e+00  -8.3782645e+00
   5.8200000e+00  -8.5262590e+00
   5.8218750e+00  -8.9370818e+00
   5.8237500e+00  -9.2870710e+00
   5.8256250e+00  -9.3440049e+00
   5.8275000e+00  -9.4620207e+00
   5.8293750e+00  -9.7610619e+00
   5.8312500e+00  -1.0001530e+01
   5.8331250e+00  -1.0152914e+01
   5.8350000e+00  -9.6158423e+00
   5.8368750e+00  -9.2789742e+00
   5.8387500e+00  -8.9011703e+00
   5.8406250e+00  -8.7626435e+00
   5.8425000e+00  -8.7005479e+00
   5.8443750e+00  -8.3187278e+00
   5.8462500e+00  -8.2280011e+00
   5.8481250e+00  -8.2343885e+00
   5.8500000e+00  -8.4268661e+00
   5.8518750e+00  -8.8774777e+00
   5.8537500e+00  -8.9719854e+00
   5.8556250e+00  -9.0547716e+00
   5.8575000e+00  -9.0272405e+00
   5.8593750e+00  -8.9326912e+00
   5.8612500e+00  -8.8715303e+00
   5.8631250e+00  -8.7262959e+00
   5.8650000e+00  -8.3084307e+00
   5.8668750e+00  -7.8820182e+00
   5.8687500e+00  -7.5666046e+00
   5.8706250e+00  -7.6278323e+00
   5.8725000e+00  -7.7293670e+00
   5.8743750e+00  -7.5901297e+00
   5.8762500e+00  -7.4213809e+00
   5.8781250e+00  -7.5029949e+00
   5.8800000e+00  -7.6949791e+00
   5.8818750e+00  -8.1986745e+00
   5.8837500e+00  -8.4004463e+00
   5.8856250e+00  -8.2278171e+00
   5.8875000e+00  -7.8706638e+00
   5.8893750e+00  -7.7053278e+00
   5.8912500e+00  -7.5697814e+00
   5.8931250e+00  -7.5860453e+00
   5.8950000e+00  -7.3993339e+00
   5.8968750e+00  -6.9675447e+00
   5.8987500e+00  -6.9447041e+00
   5.9006250e+00  -7.0999627e+00
   5.9025000e+00  -7.2977212e+00
   5.9043750e+00  -7.5267759e+00
   5.9062500e+00  -7.4767873e+00
   5.9081250e+00  -7.5210844e+00
   5.9100000e+00  -7.6884393e+00
   5.9118750e+00  -7.9530095e+00
   5.9137500e+00  -8.0153637e+00
   5.9156250e+00  -7.9234453e+00
   5.9175000e+00  -7.6982636e+00
   5.9193750e+00  -7.5464530e+00
   5.9212500e+00  -7.7029684e+00
   5.9231250e+00  -7.6757380e+00
   5.9250000e+00  -7.5748162e+00
   5.9268750e+00  -7.3910499e+00
   5.9287500e+00  -7.3518870e+00
   5.9306250e+00  -7.5407401e+00
   5.9325000e+00  -7.8663394e+00
   5.9343750e+00  -8.1978031e+00
   5.9362500e+00  -8.1846467e+00
   5.9381250e+00  -7.9748157e+00
   5.9400000e+00  -8.0642100e+00
   5.9418750e+00  -8.0483050e+00
   5.9437500e+00  -7.9501066e+00
   5.9456250e+00  -7.7018514e+00
   5.9475000e+00  -7.4845851e+00
   5.9493750e+00  -7.4106840e+00
   5.9512500e+00  -7.4191324e+00
   5.9531250e+00  -7.7568520e+00
   5.9550000e+00  -7.5971869e+00
   5.9568750e+00  -7.5201785e+00
   5.9587500e+00  -7.4625703e+00
   5.9606250e+00  -7.5795587e+00
   5.9625000e+00  -7.8886424e+00
   5.9643750e+00  -7.7282364e+00
   5.9662500e+00  -7.5324554e+00
   5.9681250e+00  -7.2103741e+00
   5.9700000e+00  -7.2126798e+00
   5.9718750e+00  -7.2036928e+00
   5.9737500e+00  -7.0533450e+00
   5.9756250e+00  -6.9702438e+00
   5.9775000e+00  -6.7617492e+00
   5.9793750e+00  -6.6723236e+00
   5.9812500e+00  -6.8690072e+00
   5.9831250e+00  -7.0096969e+00
   5.9850000e+00  -7.0950345e+00
   5.9868750e+00  -6.7523067e+00
   5.9887500e+00  -6.6040072e+00
   5.9906250e+00  -6.9120427e+00
   5.9925000e+00  -6.7614642e+00
   5.9943750e+00  -6.9150578e+00
   5.9962500e+00  -6.6569807e+00
   5.9981250e+00  -6.3899074e+00
   6.0000000e+00  -6.2750588e+00
