  -1.8000000e+02             NaN
  -1.7500000e+02             NaN
  -1.7000000e+02             NaN
  -1.6500000e+02             NaN
  -1.6000000e+02             NaN
  -1.5500000e+02             NaN
  -1.5000000e+02             NaN
  -1.4500000e+02             NaN
  -1.4000000e+02             NaN
  -1.3500000e+02             NaN
  -1.3000000e+02             NaN
  -1.2500000e+02             NaN
  -1.2000000e+02             NaN
  -1.1500000e+02             NaN
  -1.1000000e+02             NaN
  -1.0500000e+02             NaN
  -1.0000000e+02             NaN
  -9.5000000e+01             NaN
  -9.0000000e+01             NaN
  -8.5000000e+01             NaN
  -8.0000000e+01             NaN
  -7.5000000e+01             NaN
  -7.0000000e+01             NaN
  -6.5000000e+01             NaN
  -6.0000000e+01             NaN
  -5.5000000e+01             NaN
  -5.0000000e+01             NaN
  -4.5000000e+01             NaN
  -4.0000000e+01             NaN
  -3.5000000e+01             NaN
  -3.0000000e+01             NaN
  -2.5000000e+01             NaN
  -2.0000000e+01             NaN
  -1.5000000e+01             NaN
  -1.0000000e+01             NaN
  -5.0000000e+00             NaN
   0.0000000e+00             NaN
   5.0000000e+00             NaN
   1.0000000e+01             NaN
   1.5000000e+01             NaN
   2.0000000e+01             NaN
   2.5000000e+01             NaN
   3.0000000e+01             NaN
   3.5000000e+01             NaN
   4.0000000e+01             NaN
   4.5000000e+01             NaN
   5.0000000e+01             NaN
   5.5000000e+01             NaN
   6.0000000e+01             NaN
   6.5000000e+01             NaN
   7.0000000e+01             NaN
   7.5000000e+01             NaN
   8.0000000e+01             NaN
   8.5000000e+01             NaN
   9.0000000e+01             NaN
   9.5000000e+01             NaN
   1.0000000e+02             NaN
   1.0500000e+02             NaN
   1.1000000e+02             NaN
   1.1500000e+02             NaN
   1.2000000e+02             NaN
   1.2500000e+02             NaN
   1.3000000e+02             NaN
   1.3500000e+02             NaN
   1.4000000e+02             NaN
   1.4500000e+02             NaN
   1.5000000e+02             NaN
   1.5500000e+02             NaN
   1.6000000e+02             NaN
   1.6500000e+02             NaN
   1.7000000e+02             NaN
   1.7500000e+02             NaN
   1.8000000e+02             NaN
