File name:	uwb_dipole.rff
Date:	14/03/2014 4:16
Comments:
Frequency:	5.300 GHz
Channel:	Channel1
Switch:
Beam:
4th Axis:
Tertiary:	0.000
Z axis:	Amplitude [dB]


	Roll  [deg]
Azimuth  [deg]	-180.0000	-175.0000	-170.0000	-165.0000	-160.0000	-155.0000	-150.0000	-145.0000	-140.0000	-135.0000	-130.0000	-125.0000	-120.0000	-115.0000	-110.0000	-105.0000	-100.0000	-95.0000	-90.0000	-85.0000	-80.0000	-75.0000	-70.0000	-65.0000	-60.0000	-55.0000	-50.0000	-45.0000	-40.0000	-35.0000	-30.0000	-25.0000	-20.0000	-15.0000	-10.0000	-5.0000	0.0000	5.0000	10.0000	15.0000	20.0000	25.0000	30.0000	35.0000	40.0000	45.0000	50.0000	55.0000	60.0000	65.0000	70.0000	75.0000	80.0000	85.0000	90.0000	95.0000	100.0000	105.0000	110.0000	115.0000	120.0000	125.0000	130.0000	135.0000	140.0000	145.0000	150.0000	155.0000	160.0000	165.0000	170.0000	175.0000	180.0000	
0.0000	-64.6054	-64.7894	-68.3362	-68.1537	-67.3195	-65.6681	-66.6700	-66.7601	-66.3059	-69.1869	-68.6551	-67.9956	-67.5483	-68.4967	-70.0971	-70.5886	-71.6114	-70.7008	-69.4349	-69.0348	-68.6720	-69.6144	-69.5169	-70.5209	-69.0998	-69.0199	-68.0710	-68.0679	-67.7409	-67.9226	-66.1941	-67.1251	-66.9745	-65.2166	-66.2648	-68.0849	-68.9925	-68.7623	-67.3419	-65.5279	-65.0928	-67.3436	-66.9761	-67.0426	-68.2138	-67.7936	-68.9044	-68.6418	-68.7435	-68.5860	-69.7694	-69.6375	-69.9980	-69.5843	-69.2708	-69.3306	-70.1999	-69.8321	-70.5250	-69.4600	-69.0564	-67.3349	-67.1015	-67.0014	-69.6432	-67.1513	-67.3246	-66.2808	-66.3649	-67.3055	-69.3407	-67.9928	-64.5817	
5.0000	-64.3921	-66.0104	-69.6625	-67.4513	-67.4162	-65.6525	-67.5299	-69.0840	-67.0373	-68.0450	-69.3854	-70.6277	-69.9932	-69.8084	-68.6879	-69.3084	-69.4923	-70.1188	-71.6220	-71.0677	-71.0018	-69.8555	-69.6935	-69.7605	-70.2170	-69.7180	-69.6666	-68.4494	-68.0713	-68.9305	-66.2643	-68.0732	-66.0000	-65.4672	-67.0727	-68.8272	-69.0710	-68.5108	-66.5778	-64.8734	-65.4713	-67.6831	-66.1066	-67.8754	-67.3718	-67.9223	-68.4560	-68.6207	-68.9038	-68.3354	-68.6731	-68.8146	-69.5560	-70.2594	-69.7051	-68.6759	-67.6629	-67.1223	-68.0052	-67.6645	-69.1670	-69.1850	-68.5953	-66.3139	-66.3042	-67.4220	-67.4921	-65.1518	-66.7571	-67.5039	-69.3813	-66.3276	-64.2782	
10.0000	-64.7465	-65.0289	-68.6884	-68.7846	-67.6378	-66.5955	-67.1663	-68.0787	-68.0797	-69.7912	-70.9635	-69.4314	-69.1391	-71.1865	-72.6790	-72.7474	-75.4277	-73.1758	-72.7148	-71.9374	-70.9897	-72.9291	-71.9935	-73.0952	-71.3882	-71.2351	-69.5524	-70.0559	-68.6256	-69.8703	-67.3951	-67.8016	-67.3966	-65.5748	-66.4133	-68.3586	-69.1462	-68.7035	-67.3124	-65.3396	-64.6331	-66.8069	-66.8217	-66.4407	-67.3867	-67.6262	-68.1548	-67.9597	-67.9188	-68.2552	-68.7228	-69.0250	-68.5341	-68.3408	-69.0281	-68.7764	-69.5972	-69.6953	-69.3476	-69.2508	-68.5814	-66.7195	-66.0668	-66.4446	-68.1049	-66.8955	-65.8776	-66.2941	-65.5995	-67.0917	-68.3452	-67.5361	-64.8580	
15.0000	-64.7256	-66.5670	-70.5340	-67.8960	-68.5085	-66.3853	-68.2539	-69.8285	-69.3475	-69.1528	-72.0215	-74.7319	-71.5579	-71.6245	-72.0754	-72.1388	-73.5788	-73.4101	-75.1842	-75.0670	-73.7844	-73.9093	-72.2516	-72.8676	-73.1627	-73.1124	-70.9940	-71.7350	-68.7853	-70.8418	-67.9054	-69.2216	-66.5814	-65.8845	-67.3266	-68.9436	-69.2164	-68.2452	-66.5024	-64.7996	-65.1205	-67.1731	-66.1559	-67.4776	-66.8167	-67.7505	-68.1848	-68.6820	-68.1243	-68.3354	-68.1691	-68.7035	-69.0489	-69.0691	-69.6289	-68.8610	-67.5188	-67.5740	-67.3806	-67.4063	-68.9144	-69.1789	-68.2134	-65.6394	-66.1430	-66.7618	-66.3554	-64.7360	-66.4487	-67.1622	-68.4427	-66.3683	-64.6721	
20.0000	-65.2427	-65.6780	-69.7228	-69.6608	-68.4091	-68.2298	-68.4282	-68.8600	-69.8325	-72.3531	-74.2047	-70.3917	-73.2597	-74.7520	-78.2667	-77.0630	-77.3386	-78.9685	-77.7559	-76.1396	-77.3519	-75.1772	-76.1671	-77.1334	-74.7219	-74.5129	-72.1986	-72.4560	-71.4799	-70.9724	-69.3950	-69.7682	-68.4095	-66.1868	-66.8744	-68.6290	-69.3686	-68.9832	-67.5398	-65.3910	-64.6985	-66.3089	-66.6672	-66.6075	-67.4426	-67.5853	-67.7943	-67.8230	-68.0846	-68.3969	-69.1905	-68.7022	-67.7602	-68.3185	-67.9460	-68.8916	-69.4354	-69.2528	-69.4949	-69.5453	-68.2736	-67.5919	-65.8755	-66.8037	-67.5443	-67.0033	-65.4787	-65.9994	-65.2820	-67.2771	-67.7727	-67.3832	-65.1826	
25.0000	-65.2523	-67.3766	-71.6538	-68.5071	-69.8387	-68.1946	-71.7000	-70.8921	-71.6944	-70.7180	-77.1416	-76.5372	-74.2701	-73.8246	-76.1577	-77.3614	-76.9819	-78.0750	-78.8335	-77.9567	-79.7337	-76.7840	-76.5056	-76.6236	-76.0643	-77.8818	-73.6570	-74.1091	-71.6010	-72.6044	-69.3727	-71.3124	-67.6411	-66.5434	-67.9488	-69.6095	-69.6961	-68.8226	-66.9116	-65.1413	-65.2283	-67.1295	-66.3682	-67.4386	-67.4406	-68.0208	-68.2570	-68.0772	-68.1777	-67.7863	-68.2805	-68.4947	-67.9939	-68.6558	-68.4263	-68.1515	-67.6792	-67.0663	-67.1107	-67.6915	-68.4271	-70.0483	-68.0414	-66.3218	-66.6658	-67.1196	-66.5347	-65.0671	-67.1122	-67.3586	-68.3132	-66.6575	-65.2493	
30.0000	-65.9284	-66.4119	-71.1251	-70.3434	-69.2914	-69.5220	-70.1055	-72.2158	-72.6616	-76.8229	-74.8706	-73.3927	-77.0254	-78.2590	-82.2473	-77.4642	-77.2127	-79.4069	-78.1763	-79.3086	-77.3812	-76.3265	-78.6937	-77.9284	-78.2982	-75.2720	-74.9443	-74.8322	-74.4800	-74.1124	-70.9822	-71.2913	-70.2818	-67.1221	-67.5523	-69.3724	-70.1002	-69.5023	-67.9421	-66.1330	-65.2375	-66.7703	-67.2683	-66.7776	-67.6472	-67.8730	-68.1661	-67.8832	-67.6371	-68.1180	-68.3712	-67.5206	-67.4104	-67.2161	-67.1496	-67.7351	-67.4074	-68.2332	-69.6163	-68.6515	-68.4703	-67.1326	-66.3359	-68.0546	-68.0174	-67.3737	-65.7828	-66.5886	-66.1458	-68.1932	-68.1255	-67.9262	-66.0037	
35.0000	-66.2174	-68.5039	-73.0556	-69.6251	-71.2513	-68.8055	-73.5164	-72.1442	-73.8390	-74.1357	-79.8326	-76.5350	-74.0350	-73.4053	-79.3719	-76.9672	-76.4153	-78.8600	-74.9181	-78.7909	-76.4122	-75.2669	-78.8621	-75.7887	-78.5368	-79.3526	-75.0779	-75.6542	-74.1722	-76.0760	-71.2877	-72.9735	-69.3989	-67.4727	-68.5662	-70.3269	-70.3514	-69.4124	-67.6273	-65.9319	-65.9464	-68.0266	-67.2168	-67.5643	-67.8816	-67.7291	-68.2239	-68.0852	-67.3752	-66.9383	-67.4460	-66.8636	-67.0680	-67.3988	-67.2346	-67.4658	-66.4989	-66.0099	-66.9813	-67.2524	-68.8606	-69.7312	-67.7409	-66.9298	-67.4345	-67.8895	-66.8042	-65.7826	-67.8701	-68.2488	-68.8410	-67.5497	-66.1904	
40.0000	-67.0394	-67.7519	-72.9902	-71.7689	-71.1870	-70.8391	-71.3134	-72.6622	-73.0631	-78.5697	-73.8581	-76.3619	-76.1975	-82.5734	-76.2961	-76.7892	-73.8667	-74.5877	-77.1248	-73.7140	-76.7710	-75.3140	-73.4763	-77.7958	-76.6503	-74.8166	-76.9490	-75.7188	-76.2113	-75.6275	-73.9989	-72.9674	-72.8324	-68.6195	-68.5348	-70.5242	-71.2561	-70.5087	-69.0115	-67.0310	-66.1167	-67.7598	-68.7869	-67.4220	-68.3719	-68.6398	-67.5598	-67.7771	-67.1331	-67.9384	-66.7354	-66.9065	-66.3587	-66.1390	-66.3710	-66.5871	-66.4628	-67.6350	-68.2215	-68.2190	-67.6260	-66.7561	-67.2396	-68.6900	-68.7415	-68.3965	-66.5322	-67.4759	-66.9488	-69.1311	-69.0018	-69.0088	-67.0228	
45.0000	-67.6896	-70.5538	-75.0400	-71.7792	-74.1502	-71.1935	-77.4588	-72.9892	-73.4970	-77.0504	-75.2859	-75.6427	-72.8368	-74.2796	-74.0483	-77.3329	-74.3635	-74.6577	-75.3352	-73.3272	-75.3533	-75.2602	-74.6869	-76.5528	-77.4115	-78.3217	-76.2050	-75.8833	-75.7995	-77.5891	-73.7848	-75.7456	-71.7036	-69.1352	-69.9981	-71.8221	-71.6630	-70.7230	-68.7399	-66.8955	-67.0488	-69.5315	-68.5824	-68.2527	-68.5750	-68.7452	-68.0449	-68.0302	-66.6041	-67.0267	-66.6267	-66.3490	-66.6296	-66.8071	-66.8495	-67.0305	-66.2417	-65.8589	-66.5991	-67.4411	-68.9808	-69.0863	-68.2870	-67.8201	-68.4506	-68.8968	-68.2624	-67.0760	-69.1465	-69.2275	-70.0897	-68.8092	-67.6797	
50.0000	-68.7971	-69.7313	-74.9614	-74.2511	-74.0238	-73.6568	-73.7352	-75.2202	-74.8754	-76.2053	-77.8379	-74.1992	-76.6335	-75.4786	-76.6973	-73.6425	-74.4257	-73.8887	-73.8777	-74.4143	-73.3595	-74.0411	-73.7088	-73.7944	-76.7696	-74.4862	-74.6005	-78.9857	-77.1272	-76.9486	-76.1041	-75.4440	-74.9584	-70.7070	-70.1776	-72.4391	-72.8501	-71.9457	-70.5177	-68.3304	-67.3728	-68.9572	-70.0780	-68.2234	-68.8314	-69.2109	-68.1174	-67.9550	-67.6405	-67.5886	-66.8151	-67.1356	-66.3789	-66.4001	-66.4796	-66.5907	-66.9247	-67.7705	-68.1390	-68.0934	-67.5223	-67.3071	-68.3234	-69.1131	-69.8767	-69.1055	-68.1272	-69.3001	-68.3308	-70.1365	-70.1833	-70.5182	-68.6863	
55.0000	-69.6504	-72.7491	-77.2591	-74.0562	-76.5336	-72.5023	-77.7583	-75.6667	-73.8979	-74.7584	-78.2646	-75.2407	-74.1306	-73.1494	-74.5140	-74.2312	-74.7159	-74.4042	-74.3387	-73.6978	-73.5772	-75.3306	-76.1232	-74.7120	-77.4340	-77.9033	-74.8094	-79.3395	-76.4993	-80.6129	-75.4151	-79.3413	-73.7716	-71.2702	-72.1162	-74.0124	-73.6729	-72.5317	-70.3768	-68.6334	-68.4788	-70.9362	-70.0173	-69.3434	-69.1701	-69.6737	-68.6794	-68.5554	-67.2748	-67.6601	-66.8265	-66.9808	-67.1867	-67.5240	-67.8512	-67.8043	-67.2982	-67.1226	-67.4041	-68.1513	-69.6603	-69.3046	-69.7159	-68.8630	-70.1994	-70.2918	-70.1109	-68.9247	-70.7947	-70.3281	-71.7145	-70.6137	-69.6499	
60.0000	-70.8627	-72.3863	-77.1504	-76.2030	-75.7978	-75.1454	-74.5089	-76.8521	-79.4990	-78.1307	-75.7813	-75.7287	-74.9617	-76.6259	-75.9069	-75.9164	-74.4559	-73.8945	-74.8221	-74.5618	-73.9613	-73.8413	-74.2668	-74.9248	-76.3918	-74.1092	-78.6356	-77.8797	-79.6370	-78.7237	-78.3114	-77.2610	-78.4309	-73.1443	-72.4898	-74.8653	-74.8667	-74.3095	-72.3358	-70.1335	-69.2263	-71.0027	-72.2903	-70.1907	-70.3813	-70.2878	-69.5806	-68.7213	-69.1380	-68.7076	-68.4366	-68.2540	-67.5917	-67.8636	-67.6523	-68.1033	-68.6188	-69.0760	-69.7862	-69.5581	-69.0589	-69.0602	-69.6530	-70.5133	-71.9517	-70.7639	-70.3765	-71.7812	-70.5818	-72.1842	-71.9834	-72.5681	-70.8073	
65.0000	-72.4882	-75.9382	-79.3148	-76.0189	-78.2841	-74.4663	-79.4508	-79.3749	-82.6457	-80.0605	-81.1696	-78.0771	-74.2850	-73.4165	-73.7763	-75.0915	-76.2850	-74.5821	-75.3353	-75.0542	-75.0880	-75.3676	-77.9036	-76.2030	-79.5541	-78.9073	-78.5005	-79.9133	-78.1089	-84.3277	-77.0717	-82.8381	-77.2866	-73.7260	-74.8598	-76.5247	-75.8390	-74.8729	-72.6557	-70.7294	-70.5765	-73.7604	-72.1383	-71.6614	-70.8964	-71.4831	-70.7803	-70.1483	-69.1983	-69.7132	-69.2963	-69.1074	-69.2026	-69.6655	-70.2444	-69.7957	-69.6939	-69.2511	-69.4650	-70.4131	-71.1948	-71.7524	-71.9060	-71.1760	-72.5700	-72.9195	-73.0109	-71.3081	-73.8143	-73.0093	-74.3564	-73.1414	-72.5176	
70.0000	-74.1482	-76.0536	-79.4986	-77.8754	-78.3106	-77.9826	-78.7769	-79.1565	-82.8924	-82.5016	-78.7358	-77.2563	-79.5937	-79.2291	-76.6070	-77.6869	-74.5281	-76.9838	-77.3829	-75.7353	-76.3167	-75.6611	-75.2331	-78.3283	-77.8990	-76.9560	-79.2542	-82.0558	-84.6681	-79.4547	-82.6510	-79.8753	-83.9738	-76.5123	-75.9265	-78.0921	-77.7369	-77.1476	-75.1231	-72.9463	-71.6924	-74.0572	-75.2896	-72.7915	-73.2229	-72.3330	-72.5816	-71.0690	-71.5362	-71.0782	-71.7980	-71.3568	-70.7537	-70.7611	-70.2738	-71.2546	-71.5624	-72.3520	-73.5653	-72.1200	-72.0510	-72.2277	-72.5643	-73.0761	-75.4445	-73.8103	-74.0684	-75.1716	-73.7586	-75.9164	-75.6115	-76.0953	-74.1184	
75.0000	-77.2506	-80.1674	-82.2691	-79.1077	-83.2977	-80.2615	-82.6409	-78.9088	-78.4739	-78.8105	-79.5484	-76.9451	-76.1444	-76.8117	-76.3525	-80.0895	-75.9191	-77.3807	-78.0322	-78.0619	-80.9008	-78.8740	-80.5869	-81.3435	-82.0531	-83.4658	-81.8231	-83.7323	-82.6652	-87.9573	-81.1549	-86.1521	-81.8082	-77.8872	-79.1400	-80.8208	-79.9959	-79.0735	-76.3388	-74.1441	-74.0403	-78.3435	-75.7883	-75.5733	-74.1268	-74.8632	-74.9805	-73.8684	-72.9730	-73.2084	-72.9965	-72.9746	-73.2885	-73.7010	-74.0665	-73.8216	-74.2460	-73.4827	-74.5357	-74.4815	-74.9260	-75.8492	-76.9294	-75.0629	-76.6135	-77.4543	-78.1490	-75.5824	-78.2131	-77.8440	-80.2120	-77.3820	-77.3056	
80.0000	-80.6995	-83.3166	-84.2697	-82.5682	-86.1354	-84.7396	-82.7938	-80.5125	-81.1362	-82.0268	-81.4095	-79.6649	-82.0489	-80.2405	-80.8596	-82.3853	-85.2021	-81.6576	-82.3919	-83.6721	-80.6367	-78.9460	-82.3814	-81.9913	-83.2768	-81.4136	-86.5066	-95.3982	-92.3753	-85.6342	-88.3736	-84.6425	-94.6864	-81.9424	-80.4370	-84.2618	-83.8902	-83.6761	-80.5588	-77.7808	-75.8705	-79.0908	-82.6226	-77.3570	-78.9297	-76.8589	-78.2032	-76.4662	-77.0000	-76.6167	-78.1234	-77.7592	-76.7691	-76.4438	-76.4511	-77.5643	-76.8242	-79.6836	-81.0025	-78.0966	-77.9825	-79.9620	-78.7368	-79.3064	-82.6819	-81.4707	-80.5785	-82.7200	-79.0695	-83.2881	-82.7477	-83.7233	-80.8899	
85.0000	-88.7624	-84.9772	-90.3448	-87.3744	-99.4485	-85.2861	-86.7696	-83.2782	-84.2773	-84.2092	-89.5627	-85.3049	-82.7693	-79.7584	-83.9092	-84.8083	-84.0936	-82.3551	-84.9328	-88.8933	-90.4865	-82.9930	-98.2260	-85.9049	-90.2332	-91.5698	-95.3911	-97.6191	-96.0147	-92.4965	-89.1582	-92.4824	-89.2114	-85.0822	-87.5673	-89.2116	-89.3616	-88.2347	-83.4053	-80.8944	-79.6817	-87.9700	-85.5728	-83.1277	-82.0723	-82.2045	-85.2402	-82.5333	-81.0092	-82.6375	-83.7680	-81.6140	-83.2663	-82.1132	-86.6155	-83.3515	-85.0359	-84.3205	-86.1120	-85.0873	-82.2732	-87.7151	-92.2066	-86.1253	-87.0213	-90.3881	-94.8366	-85.0116	-89.0492	-87.2781	-99.0709	-86.2090	-88.9440	
90.0000	-90.6959	-84.4990	-87.7151	-95.7277	-99.6419	-93.2921	-92.1725	-88.6924	-91.0526	-92.5922	-95.3372	-95.7130	-94.5924	-89.0205	-84.1806	-82.1136	-88.1937	-92.0291	-83.6768	-91.9971	-91.5788	-90.3728	-88.5547	-90.1124	-92.8833	-88.2604	-99.2311	-88.5465	-91.5251	-98.5417	-90.0119	-96.1245	-90.3348	-90.6621	-92.2588	-97.9499	-100.4749	-101.4621	-92.7073	-91.0474	-84.3518	-88.1664	-90.7101	-88.7373	-93.7526	-92.8208	-91.2440	-95.6499	-95.5079	-106.2687	-97.7381	-96.8054	-93.1533	-95.1868	-107.0622	-93.8503	-91.3292	-91.1033	-88.9360	-102.9896	-89.0545	-88.3582	-88.9763	-96.8988	-87.9786	-87.8213	-94.2988	-88.7191	-107.6517	-90.9450	-95.5682	-86.8282	-91.0094	
95.0000	-81.7617	-81.5405	-89.1641	-88.5910	-92.2342	-92.5549	-89.7784	-92.0994	-92.0021	-95.5655	-88.0886	-91.0512	-93.6568	-94.6671	-78.8990	-82.6846	-84.5312	-88.5345	-85.4195	-83.0952	-84.0594	-84.9673	-79.5977	-88.6766	-89.0485	-82.2747	-85.1001	-91.4423	-86.9137	-88.6939	-90.2425	-87.9675	-86.5901	-87.2618	-90.2621	-90.5512	-89.3794	-88.7206	-87.8587	-94.3428	-88.3913	-82.0968	-85.2662	-83.9923	-85.1741	-84.9020	-81.0081	-83.4232	-86.4132	-83.6557	-81.7507	-82.5060	-81.2560	-83.2117	-79.9383	-82.0722	-80.2984	-80.1231	-80.3068	-81.0610	-85.3782	-82.3318	-79.4451	-79.3020	-82.5954	-81.4023	-80.6414	-82.4532	-83.0835	-83.7060	-82.2944	-82.6991	-81.4886	
100.0000	-78.0909	-77.7556	-82.0583	-83.6468	-85.0422	-89.0310	-84.9473	-86.8968	-88.5762	-87.2877	-82.4453	-81.3103	-82.4184	-80.3040	-85.9599	-74.7294	-77.1911	-78.1154	-78.5780	-83.8292	-81.5185	-80.4074	-85.6680	-81.6310	-80.3835	-81.9505	-83.5564	-81.1138	-82.1116	-85.3818	-83.8118	-90.3054	-83.2229	-82.3826	-84.4841	-83.0197	-85.0886	-82.7847	-83.1009	-82.1809	-82.3627	-79.8715	-78.3265	-79.7105	-78.8400	-77.8358	-77.2377	-77.3475	-78.6237	-77.6849	-76.2535	-75.8829	-76.2786	-75.8602	-76.4002	-76.9272	-77.1567	-77.2270	-75.8775	-78.0871	-76.1872	-75.3046	-74.3790	-78.4589	-76.4742	-76.1307	-77.3419	-78.0551	-78.5917	-78.6876	-79.1414	-78.2554	-78.0061	
105.0000	-74.6124	-77.5487	-80.7325	-79.3750	-84.2654	-85.5506	-80.5484	-83.1479	-85.9282	-84.3894	-80.1707	-78.2903	-82.4061	-80.1332	-77.5742	-77.2748	-75.8818	-79.0072	-77.5828	-78.8283	-76.6242	-77.0246	-76.0358	-79.3162	-81.4361	-78.5432	-78.5273	-82.5197	-79.7512	-84.3611	-82.6794	-82.1868	-80.7909	-79.4844	-80.0263	-80.9272	-79.8094	-79.1854	-78.7360	-77.9108	-77.5439	-75.7614	-76.1451	-75.6477	-74.9577	-74.5889	-73.4381	-74.4426	-74.4741	-73.2838	-72.3584	-74.1653	-72.8686	-73.1874	-72.3359	-73.4080	-72.1730	-72.4995	-72.6762	-73.5188	-74.7682	-75.4632	-72.2966	-72.3602	-74.3190	-74.7822	-74.3368	-74.8018	-75.3855	-76.0684	-76.1565	-75.8715	-74.5706	
110.0000	-72.9165	-73.8588	-77.9220	-77.4912	-79.4251	-84.9142	-78.9117	-82.8207	-85.0333	-82.2948	-76.8603	-75.6960	-76.7800	-77.2903	-80.4931	-74.9722	-74.2312	-74.3231	-74.6227	-77.9241	-76.8313	-76.3324	-77.9915	-77.0439	-77.9279	-77.5056	-78.5136	-77.5521	-79.1409	-81.1226	-79.8000	-82.3734	-78.5020	-77.0991	-77.7448	-77.5928	-78.4144	-76.4521	-76.5196	-75.1466	-74.3296	-74.3854	-73.5605	-73.5704	-73.3704	-72.3230	-72.2550	-71.8329	-72.1597	-71.1367	-70.7158	-71.1339	-70.3479	-70.7706	-70.8486	-71.6252	-71.0496	-72.1268	-71.1115	-72.7282	-71.5373	-70.4756	-69.8040	-72.6404	-72.0737	-72.2724	-72.1144	-73.6904	-72.7013	-73.8115	-74.5674	-74.1849	-73.0663	
115.0000	-70.9838	-74.3758	-77.1625	-75.7423	-80.1037	-79.0014	-79.4800	-80.3520	-82.2061	-80.8749	-77.4868	-75.4625	-77.9693	-74.6728	-78.3689	-75.0155	-74.7643	-74.6620	-74.2183	-75.7956	-73.9415	-73.7610	-74.4855	-75.4084	-77.6310	-77.2341	-76.1115	-78.9819	-76.4147	-82.5307	-79.5514	-77.9128	-76.9882	-74.9352	-75.4827	-76.4832	-75.7811	-74.8906	-74.0079	-72.5442	-72.0836	-72.3240	-72.4599	-71.5861	-71.0379	-70.8662	-69.8933	-70.2944	-69.8370	-69.0863	-68.7989	-69.3669	-68.6560	-69.3684	-68.7911	-69.3156	-68.5657	-68.2798	-69.5357	-69.0082	-71.0356	-71.6070	-70.4235	-69.0804	-71.0202	-71.1772	-71.4058	-71.0426	-71.7627	-72.2527	-72.8499	-72.6575	-71.1269	
120.0000	-70.1095	-71.2769	-75.5400	-74.6515	-75.9715	-79.5795	-76.9156	-79.2999	-81.6667	-79.4921	-74.5485	-74.3301	-75.4133	-75.3768	-77.8010	-74.2488	-73.5154	-73.1116	-73.6661	-73.7082	-75.0794	-74.6432	-74.9141	-73.9281	-76.5301	-75.9317	-76.3386	-74.8244	-76.9875	-79.4762	-77.0942	-77.9499	-76.2378	-73.6154	-73.8467	-74.3533	-74.9235	-73.6345	-73.1066	-71.5370	-70.2391	-70.8389	-71.0710	-70.5020	-70.1510	-69.5880	-69.5361	-69.0397	-69.2048	-68.1710	-68.0186	-68.4464	-67.1942	-68.1788	-68.1509	-68.6227	-68.2846	-68.7411	-69.0850	-69.3038	-69.0895	-68.1838	-67.7734	-69.5520	-70.1596	-69.6858	-69.6246	-71.1648	-69.8106	-70.7737	-71.9159	-71.7156	-70.1517	
125.0000	-68.9002	-72.2228	-74.7305	-73.1315	-77.3150	-75.0093	-78.0682	-75.2703	-76.4446	-75.8685	-76.5304	-75.9465	-75.7007	-72.2901	-76.4333	-72.6522	-74.4029	-74.3732	-72.7109	-75.3294	-72.2089	-72.2142	-73.9276	-74.4032	-76.1525	-75.8119	-74.6012	-78.7553	-74.9353	-78.1168	-77.5702	-75.3680	-73.8188	-72.1820	-72.3980	-73.7416	-72.9726	-72.2737	-71.1580	-69.4352	-68.8952	-69.9801	-70.2871	-69.2249	-69.2080	-69.1534	-68.4074	-68.3879	-67.3076	-67.2123	-67.1841	-66.8596	-66.5434	-67.0948	-66.8747	-67.1904	-66.2943	-66.2014	-67.1577	-67.3288	-69.1112	-69.7414	-69.1553	-67.2143	-69.5860	-69.0518	-69.6188	-68.5517	-69.5936	-69.9535	-70.8727	-70.2453	-68.9116	
130.0000	-68.0827	-69.6019	-73.8041	-72.7655	-73.9923	-75.2920	-74.1345	-73.6894	-76.5201	-76.0379	-73.0394	-73.6718	-73.1034	-74.7957	-78.7980	-72.7506	-72.9855	-73.2951	-73.3017	-73.5567	-73.6797	-74.0681	-74.6394	-73.9443	-74.8485	-74.4859	-76.7510	-75.1401	-75.0462	-77.9688	-76.2961	-74.6209	-74.2717	-71.2537	-71.3315	-72.1019	-72.5739	-71.4891	-70.5602	-69.0915	-67.7402	-68.4142	-69.4219	-68.7022	-68.8629	-68.5969	-68.2648	-67.5136	-67.3803	-67.2289	-67.0177	-66.7436	-66.3953	-66.5978	-66.7306	-67.3088	-66.5143	-67.4477	-68.0973	-68.1176	-68.2750	-66.8999	-66.6178	-67.4077	-69.6558	-68.1856	-68.0229	-68.9048	-68.1510	-68.8068	-69.9456	-70.1218	-68.0894	
135.0000	-67.3664	-70.5425	-73.3994	-71.6544	-75.0635	-71.3638	-74.9178	-72.2369	-74.4214	-75.5790	-78.2671	-75.1302	-74.1314	-71.7184	-74.6986	-74.0658	-74.3230	-75.3475	-73.5399	-73.8695	-72.9614	-73.3269	-74.1530	-73.6997	-77.9315	-76.9024	-73.1088	-77.7562	-75.1935	-76.1199	-74.5308	-73.9315	-71.2865	-70.1906	-70.2436	-71.8108	-71.2222	-70.5002	-69.1655	-67.5823	-66.8936	-68.1598	-68.7456	-67.6394	-67.9145	-67.8843	-67.1780	-67.5765	-66.7612	-66.5807	-66.3201	-65.9233	-65.6285	-66.4737	-66.0673	-66.3560	-65.5431	-65.2221	-66.2887	-66.5936	-68.2166	-69.4406	-68.6671	-66.5884	-67.8342	-68.3184	-68.0212	-67.0267	-68.1613	-68.5137	-69.6277	-68.9059	-67.4058	
140.0000	-66.7817	-68.2792	-72.3248	-71.3018	-72.2118	-71.3455	-71.2079	-70.7100	-75.0437	-76.3039	-73.5932	-72.3026	-73.2211	-74.8098	-78.6542	-74.9359	-74.3300	-75.2134	-75.1817	-74.0587	-75.4172	-75.5537	-75.1321	-74.3029	-77.8426	-75.2144	-74.8989	-76.2529	-75.3690	-74.9623	-74.3095	-72.7459	-71.7833	-69.4045	-69.1438	-70.5339	-70.8848	-69.9339	-68.9722	-67.5095	-66.1305	-66.8344	-67.9339	-67.0122	-67.3430	-67.4796	-67.6080	-67.6505	-66.8557	-66.8144	-66.8663	-66.7530	-66.0929	-66.5224	-66.5984	-67.2998	-66.5791	-66.8805	-68.5393	-68.2922	-67.5123	-66.4319	-66.1236	-67.2235	-68.6697	-67.9596	-66.9748	-67.2102	-67.2681	-67.7869	-68.7951	-69.3300	-66.7526	
145.0000	-66.2909	-69.4774	-72.1806	-70.1135	-72.4649	-68.5714	-72.2569	-70.7470	-72.9967	-75.2083	-78.8731	-75.7995	-76.2415	-71.8513	-76.4965	-74.8984	-76.1621	-76.3494	-74.5077	-77.1087	-75.3690	-74.2355	-75.5091	-76.5646	-78.0735	-77.9913	-74.9327	-75.9948	-73.6675	-75.3918	-71.6070	-72.5196	-69.3807	-68.3299	-69.0140	-70.2769	-69.9663	-69.2653	-67.8056	-66.1889	-65.6431	-66.8953	-67.3027	-66.4980	-67.3875	-67.8770	-67.1908	-67.5348	-66.6244	-66.9705	-66.6151	-66.2746	-65.9022	-66.8486	-66.1220	-66.5637	-65.8098	-65.5418	-66.2074	-66.4779	-68.1941	-70.1653	-68.4288	-66.6019	-67.3886	-67.4452	-67.2950	-66.0522	-67.3584	-67.5954	-68.9341	-67.8627	-66.2575	
150.0000	-66.0042	-67.3523	-71.3996	-70.1520	-70.6446	-69.0933	-70.4102	-69.4051	-72.8368	-76.2763	-72.3959	-71.7847	-74.5194	-76.4046	-101.0892	-77.9393	-78.3106	-77.9249	-76.1565	-79.9453	-77.6607	-76.5312	-79.3584	-77.3469	-76.4437	-75.8986	-75.7298	-74.0390	-73.5431	-73.7595	-71.1807	-71.4193	-69.8964	-67.7717	-67.8148	-69.4453	-69.6841	-69.0625	-67.7361	-66.2644	-65.2018	-66.2244	-67.3057	-66.4363	-67.2896	-67.3785	-67.1444	-67.6499	-67.0265	-67.2621	-67.6139	-67.4884	-66.9253	-67.7675	-67.2378	-68.4901	-67.4631	-67.2829	-69.1355	-68.4681	-68.4914	-66.9604	-65.7761	-66.3758	-68.5534	-67.1333	-66.5165	-66.3292	-66.3328	-67.2915	-68.1631	-68.7039	-66.0248	
155.0000	-65.5979	-68.5879	-71.5296	-68.8484	-70.0455	-67.2045	-71.1035	-69.8363	-70.3153	-71.2805	-77.1332	-78.7590	-75.5047	-74.6311	-73.9357	-74.8704	-75.1813	-76.4833	-79.5491	-78.0768	-77.9563	-77.4044	-74.8219	-75.8383	-78.8349	-76.4602	-72.6237	-75.2809	-70.9017	-73.2658	-69.6387	-70.7254	-68.0899	-66.9581	-67.9965	-69.3864	-69.1558	-68.3181	-66.7078	-65.3502	-65.3056	-66.7935	-66.9099	-66.2950	-66.7885	-67.5457	-67.0826	-67.8575	-67.3042	-67.4429	-67.3726	-67.0996	-67.2344	-67.2281	-67.5087	-67.0939	-66.5688	-66.9781	-66.6410	-67.0536	-68.2081	-70.2982	-69.5277	-66.5209	-66.7762	-67.1433	-66.9272	-65.0652	-67.2443	-66.9370	-69.0781	-67.0915	-65.6649	
160.0000	-65.3666	-66.7412	-70.7720	-69.4704	-68.8596	-66.6525	-69.4413	-68.6572	-71.1231	-73.0455	-71.3867	-70.7771	-71.6186	-75.2818	-77.3804	-78.8734	-77.7518	-78.0704	-78.4636	-76.9552	-75.7958	-77.4267	-76.7584	-76.9110	-76.3334	-72.7897	-72.4438	-73.3594	-70.2565	-72.4008	-68.9535	-69.5841	-68.3682	-66.3497	-66.9613	-68.6153	-68.9541	-68.3933	-66.9604	-65.4917	-64.7566	-66.1507	-66.7975	-65.8892	-66.8386	-67.1618	-67.0651	-68.1472	-67.1711	-67.4128	-68.5855	-68.7104	-68.0161	-68.3513	-68.9399	-68.7922	-68.8282	-68.3407	-69.1753	-69.1322	-69.0258	-67.2799	-66.0159	-66.0930	-68.3535	-66.4863	-66.8298	-65.2480	-66.3555	-66.7362	-68.1841	-68.3260	-65.3660	
165.0000	-65.1773	-67.9586	-70.7047	-68.0400	-67.8481	-65.7072	-69.6404	-70.9279	-68.3592	-70.0056	-75.6705	-76.0451	-75.2919	-71.0718	-71.1533	-70.2692	-72.8025	-74.5719	-74.6736	-75.0975	-74.5068	-73.4650	-72.4671	-73.1442	-73.0157	-73.7420	-70.2540	-71.4296	-69.0833	-70.6922	-67.7618	-69.1287	-66.6817	-66.0848	-67.2764	-68.5051	-68.4533	-67.7401	-66.0307	-64.7883	-64.8953	-66.4927	-66.0735	-66.2217	-66.4195	-67.5908	-67.1239	-67.3733	-67.8797	-68.0120	-67.8146	-67.6665	-68.0454	-68.1256	-68.2513	-67.8002	-67.0611	-67.5045	-67.4334	-67.0593	-68.1100	-70.2622	-69.7735	-67.1167	-65.8820	-67.6278	-66.0594	-64.8451	-67.1247	-66.3560	-69.4202	-66.5272	-65.1778	
170.0000	-64.9847	-66.1998	-70.0855	-68.6674	-67.4553	-65.3495	-68.4537	-68.2307	-68.2110	-72.7946	-71.4886	-69.3664	-69.5707	-69.5895	-71.7684	-73.1029	-73.6592	-74.7429	-71.8501	-71.6382	-71.9319	-72.2888	-73.4211	-73.5764	-71.1164	-70.7734	-69.5967	-71.0255	-68.1943	-70.2732	-67.1450	-68.1346	-66.9234	-65.5929	-66.3783	-67.9453	-68.4085	-68.0794	-66.7004	-65.1348	-64.5227	-66.0439	-66.2909	-66.0001	-66.8028	-67.1483	-66.7259	-68.0004	-67.7279	-67.4000	-68.7494	-68.5065	-69.4870	-68.7807	-69.3844	-69.1452	-68.6048	-69.1079	-69.1732	-68.6030	-69.9711	-67.1859	-65.8972	-66.3687	-67.2371	-67.2320	-66.2236	-65.0457	-66.7491	-66.1411	-68.5132	-68.0694	-65.0072	
175.0000	-64.9158	-67.5107	-70.5560	-67.4607	-66.9817	-65.4073	-67.7379	-69.4050	-67.2908	-68.4468	-69.8125	-71.9792	-69.8851	-69.1066	-67.9010	-68.3036	-69.3706	-69.9706	-71.9561	-71.6856	-70.5266	-71.0345	-69.2179	-69.7268	-70.9517	-70.0866	-69.2309	-68.9012	-67.8641	-68.4429	-66.6364	-68.0075	-65.6668	-65.5100	-66.9482	-68.1112	-68.2593	-67.5350	-65.9623	-64.8333	-65.2891	-66.8683	-65.9930	-66.8544	-66.6150	-67.6699	-67.4415	-67.6369	-68.5482	-68.6735	-67.9607	-68.2814	-68.2855	-68.2331	-69.4886	-68.2329	-68.3583	-67.5889	-67.3952	-68.0301	-68.0258	-69.5833	-70.6136	-67.4026	-65.9279	-67.9160	-65.8400	-65.7197	-66.7708	-66.4830	-69.7677	-66.2723	-65.0240	
180.0000	-64.8945	-66.0671	-70.0383	-68.2157	-67.0129	-65.4405	-67.4540	-67.3290	-66.0655	-70.5629	-68.4780	-67.6153	-66.6107	-67.6738	-68.5432	-71.0863	-70.6733	-70.1720	-69.8984	-68.8708	-68.9681	-70.2535	-69.7742	-70.8804	-69.6397	-68.1348	-68.4829	-68.7334	-67.3983	-68.7439	-66.0866	-67.5146	-66.3340	-64.9748	-66.1067	-67.8276	-68.1151	-68.0434	-66.7356	-65.2675	-65.2284	-67.0371	-66.4508	-66.7378	-67.4797	-67.4780	-67.6466	-68.5357	-68.9264	-67.8738	-69.4993	-69.1333	-70.4826	-70.0934	-70.1793	-69.4716	-68.3218	-69.0067	-69.8518	-70.2018	-69.9031	-68.4563	-67.1846	-66.1083	-67.3676	-67.8439	-66.5164	-66.1638	-66.8078	-66.3970	-69.1541	-67.7954	-64.8962	
