File Name:	uwb_dipole.rff		
			
Polarizat.	0.000	Phase	
Frequency	3.100 G	 [GHz]	
Roll  	0.000	[deg]	
Ch.	Channel1		
Beam			
Switch			
Dir	0.00	dBi	
Azimuth  [deg]	Amplitude (dB)	Phase [Deg]	
-180.0000	-58.0252	156.4524	
-175.0000	-57.8329	161.4351	
-170.0000	-58.9282	163.5804	
-165.0000	-60.9203	174.3559	
-160.0000	-60.4309	-164.8677	
-155.0000	-58.8642	-165.4288	
-150.0000	-59.7049	-168.9127	
-145.0000	-59.9388	-157.0641	
-140.0000	-58.5383	-154.2680	
-135.0000	-58.4134	-161.3076	
-130.0000	-59.2887	-162.2899	
-125.0000	-60.8195	-154.6285	
-120.0000	-60.2596	-143.1198	
-115.0000	-59.9464	-131.9660	
-110.0000	-59.1868	-137.3709	
-105.0000	-58.6193	-135.6193	
-100.0000	-62.1514	-127.8532	
-95.0000	-59.4222	-117.7112	
-90.0000	-59.3789	-109.8820	
-85.0000	-58.8830	-111.5594	
-80.0000	-59.5574	-115.3962	
-75.0000	-61.1525	-98.4094	
-70.0000	-59.6794	-95.6400	
-65.0000	-59.2724	-86.1714	
-60.0000	-58.8299	-92.9271	
-55.0000	-59.7257	-80.1778	
-50.0000	-58.8111	-82.9256	
-45.0000	-60.1375	-74.6646	
-40.0000	-59.0773	-67.9172	
-35.0000	-59.2065	-66.5704	
-30.0000	-58.9063	-62.0515	
-25.0000	-58.7367	-60.8393	
-20.0000	-58.5511	-57.1281	
-15.0000	-58.1205	-55.9259	
-10.0000	-57.9635	-55.9276	
-5.0000	-58.0075	-56.0262	
0.0000	-58.1171	-56.2144	
5.0000	-58.1699	-55.8510	
10.0000	-58.1043	-55.4244	
15.0000	-57.9661	-54.2647	
20.0000	-58.0487	-53.1209	
25.0000	-58.5821	-51.9674	
30.0000	-59.2311	-55.8777	
35.0000	-59.3060	-62.1276	
40.0000	-58.6782	-65.8086	
45.0000	-58.7322	-65.2193	
50.0000	-59.4667	-69.9932	
55.0000	-58.8912	-76.4628	
60.0000	-58.8352	-75.2469	
65.0000	-58.8119	-79.2498	
70.0000	-59.5292	-80.7906	
75.0000	-58.7407	-93.1668	
80.0000	-59.5805	-82.4187	
85.0000	-59.4976	-104.8345	
90.0000	-59.7059	-100.2469	
95.0000	-59.9601	-105.9337	
100.0000	-58.7706	-114.4023	
105.0000	-60.0884	-117.4178	
110.0000	-59.2649	-113.0316	
115.0000	-59.9930	-132.3380	
120.0000	-61.2460	-128.9989	
125.0000	-60.6642	-140.3534	
130.0000	-60.2972	-157.0019	
135.0000	-60.1275	-152.0781	
140.0000	-60.4069	-166.5635	
145.0000	-59.4226	-168.7014	
150.0000	-59.1457	-176.2812	
155.0000	-57.6456	-176.7064	
160.0000	-58.6041	-166.0798	
165.0000	-62.4631	-171.8154	
170.0000	-62.2318	153.4225	
175.0000	-59.3732	149.9992	
180.0000	-58.0013	156.6257	
			
			
			
[Side Lobes Table]
			
No.	Rel Ampl	Azimuth  [deg]	Absolute Ampl
1L	-2.48	135.00	-60.13
2L	-1.62	110.00	-59.26
3L	-1.13	100.00	-58.77
		 	
File Name:	uwb_dipole.rff		
			
Polarizat.	0.000	Phase	
Frequency	3.100 G	 [GHz]	
Roll  	5.000	[deg]	
Ch.	Channel1		
Beam			
Switch			
Dir	0.00	dBi	
Azimuth  [deg]	Amplitude (dB)	Phase [Deg]	
-180.0000	-57.8690	158.5280	
-175.0000	-58.3422	161.7300	
-170.0000	-60.0549	166.6666	
-165.0000	-61.5602	-173.8081	
-160.0000	-59.6630	-162.4579	
-155.0000	-58.8724	-171.7375	
-150.0000	-60.8397	-174.4794	
-145.0000	-61.4230	-156.7897	
-140.0000	-59.4666	-151.8836	
-135.0000	-58.8189	-156.2502	
-130.0000	-59.0612	-162.6058	
-125.0000	-60.9864	-156.8582	
-120.0000	-61.6507	-153.1681	
-115.0000	-61.2531	-133.9228	
-110.0000	-60.3753	-127.7702	
-105.0000	-58.9711	-139.4718	
-100.0000	-61.8286	-129.2206	
-95.0000	-61.9914	-126.7286	
-90.0000	-60.9858	-105.4908	
-85.0000	-59.1902	-110.8146	
-80.0000	-60.2162	-118.2798	
-75.0000	-61.2093	-104.8645	
-70.0000	-61.6292	-98.5830	
-65.0000	-59.6349	-86.7750	
-60.0000	-60.8452	-94.1710	
-55.0000	-59.5816	-80.8334	
-50.0000	-60.1803	-87.3262	
-45.0000	-60.7519	-72.4811	
-40.0000	-59.9143	-70.2514	
-35.0000	-60.0832	-67.2349	
-30.0000	-59.4424	-63.6381	
-25.0000	-59.3052	-60.5547	
-20.0000	-58.9666	-56.9669	
-15.0000	-58.4429	-55.7491	
-10.0000	-58.2976	-55.4458	
-5.0000	-58.2266	-55.7948	
0.0000	-58.1838	-55.2081	
5.0000	-58.0676	-55.4156	
10.0000	-57.8499	-54.6980	
15.0000	-57.7402	-52.6091	
20.0000	-58.0068	-51.5572	
25.0000	-58.4736	-53.1043	
30.0000	-58.6893	-56.5841	
35.0000	-58.5388	-60.9622	
40.0000	-58.2931	-63.0660	
45.0000	-58.3091	-64.5237	
50.0000	-58.6963	-68.8919	
55.0000	-58.4320	-73.4227	
60.0000	-58.5370	-77.8855	
65.0000	-57.8020	-78.4234	
70.0000	-59.3172	-81.2051	
75.0000	-57.6373	-88.7593	
80.0000	-59.5688	-89.0255	
85.0000	-58.1478	-94.6430	
90.0000	-58.9277	-102.6387	
95.0000	-59.2452	-108.3380	
100.0000	-58.3051	-106.3652	
105.0000	-58.4964	-120.0863	
110.0000	-59.7973	-117.6843	
115.0000	-58.3413	-122.4610	
120.0000	-60.2554	-127.5957	
125.0000	-61.3516	-137.0106	
130.0000	-59.3028	-148.9808	
135.0000	-61.1398	-149.5884	
140.0000	-60.3243	-164.1568	
145.0000	-60.0682	-168.2265	
150.0000	-59.1409	-176.7938	
155.0000	-58.1573	-169.4744	
160.0000	-60.2514	-161.3162	
165.0000	-63.8258	176.7749	
170.0000	-61.2423	151.3065	
175.0000	-58.7782	152.6666	
180.0000	-57.8929	158.5003	
			
			
			
[Side Lobes Table]
			
No.	Rel Ampl	Azimuth  [deg]	Absolute Ampl
1L	-0.16	65.00	-57.80
2L	-0.79	55.00	-58.43
3L	-0.66	40.00	-58.29
1R	-0.51	85.00	-58.15
2R	-0.67	100.00	-58.31
3R	-0.70	115.00	-58.34
		 	
File Name:	uwb_dipole.rff		
			
Polarizat.	0.000	Phase	
Frequency	3.100 G	 [GHz]	
Roll  	10.000	[deg]	
Ch.	Channel1		
Beam			
Switch			
Dir	0.00	dBi	
Azimuth  [deg]	Amplitude (dB)	Phase [Deg]	
-180.0000	-58.2280	156.2507	
-175.0000	-58.2266	159.7081	
-170.0000	-59.7082	162.7917	
-165.0000	-61.9758	176.3850	
-160.0000	-60.8930	-161.9267	
-155.0000	-58.7662	-166.6796	
-150.0000	-59.5459	177.8181	
-145.0000	-62.5972	-178.5497	
-140.0000	-62.5793	-156.0991	
-135.0000	-60.8592	-152.4281	
-130.0000	-59.5433	-152.4727	
-125.0000	-59.8423	-161.6584	
-120.0000	-60.4431	-161.5121	
-115.0000	-63.4811	-159.6492	
-110.0000	-63.8913	-139.0228	
-105.0000	-60.3525	-127.1832	
-100.0000	-61.5284	-137.2827	
-95.0000	-60.6617	-138.1409	
-90.0000	-64.6784	-131.7829	
-85.0000	-62.4835	-106.9457	
-80.0000	-60.3991	-109.2157	
-75.0000	-61.1194	-114.5062	
-70.0000	-62.2169	-113.8276	
-65.0000	-62.4166	-91.9065	
-60.0000	-60.8338	-99.4788	
-55.0000	-61.7769	-84.7863	
-50.0000	-60.0980	-88.9268	
-45.0000	-62.0685	-83.0192	
-40.0000	-60.8799	-74.5011	
-35.0000	-61.0007	-73.0702	
-30.0000	-60.5167	-66.3343	
-25.0000	-59.9863	-65.1088	
-20.0000	-59.8098	-60.5861	
-15.0000	-59.2712	-56.7473	
-10.0000	-58.8233	-55.7069	
-5.0000	-58.5280	-55.7035	
0.0000	-58.3172	-55.5607	
5.0000	-58.1702	-54.4133	
10.0000	-57.8958	-54.0360	
15.0000	-57.6958	-52.2480	
20.0000	-57.7681	-51.3055	
25.0000	-58.1132	-52.0595	
30.0000	-58.1946	-55.3772	
35.0000	-58.1510	-56.9406	
40.0000	-58.1516	-60.8767	
45.0000	-57.9324	-63.9762	
50.0000	-57.9412	-66.3505	
55.0000	-58.0348	-68.4785	
60.0000	-58.3828	-71.5943	
65.0000	-57.7347	-79.3684	
70.0000	-58.0083	-76.4128	
75.0000	-57.8665	-88.3683	
80.0000	-58.1372	-82.5371	
85.0000	-58.0171	-98.4341	
90.0000	-58.4282	-98.2024	
95.0000	-58.2525	-99.2271	
100.0000	-57.8602	-109.5430	
105.0000	-58.7231	-113.0603	
110.0000	-57.8790	-110.3971	
115.0000	-58.2750	-126.7402	
120.0000	-58.3909	-121.5843	
125.0000	-59.2449	-123.4427	
130.0000	-60.2306	-144.9645	
135.0000	-59.6669	-139.7601	
140.0000	-60.8953	-151.4281	
145.0000	-60.6551	-157.5243	
150.0000	-60.3685	-169.4944	
155.0000	-58.6378	-170.0357	
160.0000	-59.4208	-159.9914	
165.0000	-62.9606	-164.2966	
170.0000	-62.9805	159.9014	
175.0000	-59.7848	151.9646	
180.0000	-58.1999	156.4216	
			
			
			
[Side Lobes Table]
			
No.	Rel Ampl	Azimuth  [deg]	Absolute Ampl
1L	-3.18	-40.00	-60.88
2L	-2.40	-50.00	-60.10
3L	-3.14	-60.00	-60.83
1R	-0.46	35.00	-58.15
2R	-0.24	45.00	-57.93
3R	-0.04	65.00	-57.73
		 	
File Name:	uwb_dipole.rff		
			
Polarizat.	0.000	Phase	
Frequency	3.100 G	 [GHz]	
Roll  	15.000	[deg]	
Ch.	Channel1		
Beam			
Switch			
Dir	0.00	dBi	
Azimuth  [deg]	Amplitude (dB)	Phase [Deg]	
-180.0000	-58.3338	157.3081	
-175.0000	-59.0524	159.0037	
-170.0000	-61.2953	164.1682	
-165.0000	-63.1702	-171.0327	
-160.0000	-60.4835	-158.7547	
-155.0000	-58.7267	-173.0219	
-150.0000	-60.0572	172.2234	
-145.0000	-63.1140	174.4162	
-140.0000	-63.5785	-168.6417	
-135.0000	-63.8604	-156.1066	
-130.0000	-61.2512	-149.7346	
-125.0000	-60.9838	-152.7678	
-120.0000	-60.1405	-163.6672	
-115.0000	-63.1548	-169.7961	
-110.0000	-67.1719	-150.2502	
-105.0000	-63.3423	-136.1362	
-100.0000	-62.8040	-123.7083	
-95.0000	-61.0756	-141.4887	
-90.0000	-64.5809	-141.2816	
-85.0000	-65.5457	-117.9597	
-80.0000	-62.9729	-108.1700	
-75.0000	-61.9401	-113.5209	
-70.0000	-63.8697	-118.2845	
-65.0000	-62.6739	-94.5699	
-60.0000	-62.9880	-101.3161	
-55.0000	-61.8217	-85.3850	
-50.0000	-61.9205	-95.3623	
-45.0000	-62.4836	-80.5548	
-40.0000	-61.5870	-81.2495	
-35.0000	-62.0230	-73.8671	
-30.0000	-60.9357	-66.5324	
-25.0000	-60.5382	-66.4487	
-20.0000	-60.3912	-61.3440	
-15.0000	-59.7590	-56.5698	
-10.0000	-59.1386	-55.8115	
-5.0000	-58.7498	-54.8912	
0.0000	-58.4245	-54.5959	
5.0000	-58.2014	-53.9501	
10.0000	-57.8989	-53.3899	
15.0000	-57.8101	-51.0755	
20.0000	-58.0021	-51.5327	
25.0000	-58.1246	-53.8258	
30.0000	-57.8554	-56.2337	
35.0000	-57.8757	-56.3491	
40.0000	-58.0809	-59.9963	
45.0000	-57.7166	-64.2862	
50.0000	-57.7111	-66.7778	
55.0000	-57.6147	-67.1117	
60.0000	-58.1759	-72.8032	
65.0000	-57.2936	-77.1721	
70.0000	-58.4285	-79.7878	
75.0000	-56.9634	-86.3442	
80.0000	-58.3681	-85.2774	
85.0000	-57.6614	-90.0322	
90.0000	-57.7731	-102.0792	
95.0000	-58.1084	-100.5236	
100.0000	-57.9673	-103.4305	
105.0000	-57.5839	-118.7955	
110.0000	-58.9198	-110.6477	
115.0000	-57.9170	-124.3443	
120.0000	-57.8911	-127.4261	
125.0000	-59.2639	-122.3622	
130.0000	-58.9491	-138.6334	
135.0000	-59.9658	-139.3138	
140.0000	-59.7163	-146.3701	
145.0000	-60.8971	-152.3070	
150.0000	-59.9607	-166.9496	
155.0000	-58.7740	-162.0633	
160.0000	-60.4388	-154.0202	
165.0000	-64.1003	-171.2005	
170.0000	-62.0812	158.1637	
175.0000	-59.1866	154.8158	
180.0000	-58.3320	157.4489	
			
			
			
[Side Lobes Table]
			
No.	Rel Ampl	Azimuth  [deg]	Absolute Ampl
1L	-0.33	65.00	-57.29
2L	-0.65	55.00	-57.61
3L	-0.89	30.00	-57.86
1R	-0.70	85.00	-57.66
2R	-0.62	105.00	-57.58
3R	-0.93	120.00	-57.89
		 	
File Name:	uwb_dipole.rff		
			
Polarizat.	0.000	Phase	
Frequency	3.100 G	 [GHz]	
Roll  	20.000	[deg]	
Ch.	Channel1		
Beam			
Switch			
Dir	0.00	dBi	
Azimuth  [deg]	Amplitude (dB)	Phase [Deg]	
-180.0000	-58.8949	156.5041	
-175.0000	-58.9566	157.8781	
-170.0000	-60.8938	159.6436	
-165.0000	-63.9920	175.3266	
-160.0000	-62.8732	-158.8130	
-155.0000	-59.6135	-164.7191	
-150.0000	-59.2862	177.8416	
-145.0000	-61.3115	167.4288	
-140.0000	-62.9373	174.3334	
-135.0000	-64.0902	172.9301	
-130.0000	-66.3420	-161.9418	
-125.0000	-64.7376	-154.5456	
-120.0000	-61.9481	-145.5609	
-115.0000	-61.6297	-165.0612	
-110.0000	-63.0750	-176.2395	
-105.0000	-66.3868	-164.0541	
-100.0000	-69.7620	-148.2952	
-95.0000	-63.4566	-124.1961	
-90.0000	-63.4746	-141.9314	
-85.0000	-64.7829	-143.2981	
-80.0000	-66.6565	-130.1711	
-75.0000	-65.0856	-113.4326	
-70.0000	-63.3532	-122.8845	
-65.0000	-65.8042	-114.7177	
-60.0000	-64.5158	-109.8961	
-55.0000	-64.6018	-88.1646	
-50.0000	-62.0578	-97.8382	
-45.0000	-64.1923	-91.0206	
-40.0000	-62.3309	-81.7904	
-35.0000	-62.7582	-83.2020	
-30.0000	-62.3142	-72.5316	
-25.0000	-61.2498	-70.0650	
-20.0000	-61.2055	-66.7348	
-15.0000	-60.7559	-59.9278	
-10.0000	-59.9238	-56.4012	
-5.0000	-59.2223	-55.8615	
0.0000	-58.8228	-55.1050	
5.0000	-58.4809	-54.4430	
10.0000	-58.2021	-53.1419	
15.0000	-58.0373	-51.4744	
20.0000	-58.0977	-50.5538	
25.0000	-58.2330	-52.9474	
30.0000	-58.0013	-55.8785	
35.0000	-57.7147	-54.9414	
40.0000	-58.0309	-57.5062	
45.0000	-57.8798	-61.7425	
50.0000	-57.7611	-65.2495	
55.0000	-57.5965	-67.4166	
60.0000	-57.8326	-68.2052	
65.0000	-57.5797	-75.7537	
70.0000	-57.6068	-74.1848	
75.0000	-57.7554	-85.3798	
80.0000	-57.5706	-83.7349	
85.0000	-57.2181	-91.9069	
90.0000	-58.5794	-95.0269	
95.0000	-57.6005	-98.7051	
100.0000	-57.3359	-105.3494	
105.0000	-58.8598	-110.6108	
110.0000	-57.1009	-109.3561	
115.0000	-58.4536	-122.3186	
120.0000	-58.7063	-123.6105	
125.0000	-57.7104	-127.0962	
130.0000	-58.9168	-134.3710	
135.0000	-59.0752	-134.2325	
140.0000	-59.3800	-146.1818	
145.0000	-59.4274	-143.2808	
150.0000	-60.6860	-153.6662	
155.0000	-59.1099	-161.5378	
160.0000	-59.3819	-153.2752	
165.0000	-62.5354	-155.1958	
170.0000	-63.6741	172.3468	
175.0000	-60.6376	156.3893	
180.0000	-58.8981	156.6348	
			
			
			
[Side Lobes Table]
			
No.	Rel Ampl	Azimuth  [deg]	Absolute Ampl
1L	-0.23	100.00	-57.34
2L	-0.12	85.00	-57.22
3L	-0.48	65.00	-57.58
1R	-0.61	125.00	-57.71
2R	-2.01	155.00	-59.11
		 	
File Name:	uwb_dipole.rff		
			
Polarizat.	0.000	Phase	
Frequency	3.100 G	 [GHz]	
Roll  	25.000	[deg]	
Ch.	Channel1		
Beam			
Switch			
Dir	0.00	dBi	
Azimuth  [deg]	Amplitude (dB)	Phase [Deg]	
-180.0000	-59.1253	156.4708	
-175.0000	-59.9335	156.1046	
-170.0000	-62.6706	158.9866	
-165.0000	-65.8427	-174.9854	
-160.0000	-62.5718	-157.2758	
-155.0000	-60.1189	-170.3532	
-150.0000	-60.5588	172.7041	
-145.0000	-62.1892	171.0493	
-140.0000	-61.8013	171.7328	
-135.0000	-63.7271	159.0093	
-130.0000	-66.3463	171.7350	
-125.0000	-70.6966	-168.9041	
-120.0000	-64.6828	-149.7768	
-115.0000	-64.2501	-157.0909	
-110.0000	-63.8070	-168.1875	
-105.0000	-63.9588	179.5376	
-100.0000	-72.7588	179.3675	
-95.0000	-67.1217	-135.3663	
-90.0000	-65.6377	-147.1014	
-85.0000	-66.4039	-148.4889	
-80.0000	-67.4136	-140.5974	
-75.0000	-66.9945	-122.6038	
-70.0000	-65.6314	-126.8324	
-65.0000	-65.1038	-120.1929	
-60.0000	-67.8482	-126.8389	
-55.0000	-64.8477	-87.6832	
-50.0000	-63.9236	-104.0910	
-45.0000	-64.8661	-87.2274	
-40.0000	-63.3109	-86.5451	
-35.0000	-63.7725	-82.0169	
-30.0000	-62.4158	-73.3386	
-25.0000	-61.8702	-71.6017	
-20.0000	-61.7917	-66.5149	
-15.0000	-61.0851	-60.0868	
-10.0000	-60.1982	-56.5539	
-5.0000	-59.5411	-56.1256	
0.0000	-59.0973	-54.5129	
5.0000	-58.7537	-53.6763	
10.0000	-58.3861	-52.4459	
15.0000	-58.2860	-50.3952	
20.0000	-58.3340	-51.2280	
25.0000	-58.2958	-53.7721	
30.0000	-57.8537	-55.1911	
35.0000	-57.9104	-54.3314	
40.0000	-58.2045	-58.0050	
45.0000	-57.8528	-62.0985	
50.0000	-57.8797	-65.0902	
55.0000	-57.6381	-66.4914	
60.0000	-58.1535	-70.2014	
65.0000	-57.3817	-75.5772	
70.0000	-58.1801	-76.2198	
75.0000	-57.5456	-83.4272	
80.0000	-58.2033	-88.5626	
85.0000	-57.1705	-86.9648	
90.0000	-57.9606	-96.4073	
95.0000	-58.5886	-99.3660	
100.0000	-57.5699	-101.9171	
105.0000	-57.6254	-115.1309	
110.0000	-58.4642	-107.7671	
115.0000	-57.7645	-117.6860	
120.0000	-58.7944	-125.9303	
125.0000	-58.7816	-125.9909	
130.0000	-58.3680	-135.4791	
135.0000	-59.6945	-136.2309	
140.0000	-59.0993	-147.6061	
145.0000	-59.5278	-145.0006	
150.0000	-60.1308	-156.7213	
155.0000	-58.8760	-158.0056	
160.0000	-60.0764	-150.1227	
165.0000	-63.4194	-160.8391	
170.0000	-62.7358	165.9941	
175.0000	-60.1460	157.3068	
180.0000	-59.1442	156.5643	
			
			
			
[Side Lobes Table]
			
No.	Rel Ampl	Azimuth  [deg]	Absolute Ampl
1L	-0.38	75.00	-57.55
2L	-0.21	65.00	-57.38
3L	-0.47	55.00	-57.64
1R	-0.40	100.00	-57.57
2R	-0.59	115.00	-57.76
3R	-1.20	130.00	-58.37
		 	
File Name:	uwb_dipole.rff		
			
Polarizat.	0.000	Phase	
Frequency	3.100 G	 [GHz]	
Roll  	30.000	[deg]	
Ch.	Channel1		
Beam			
Switch			
Dir	0.00	dBi	
Azimuth  [deg]	Amplitude (dB)	Phase [Deg]	
-180.0000	-59.7832	156.4582	
-175.0000	-59.7900	154.8843	
-170.0000	-61.7233	153.2979	
-165.0000	-66.2282	164.6881	
-160.0000	-65.9819	-164.1235	
-155.0000	-62.1606	-166.4901	
-150.0000	-61.3622	175.3489	
-145.0000	-62.8058	170.2083	
-140.0000	-62.6982	177.6443	
-135.0000	-61.9207	167.9186	
-130.0000	-63.6605	161.1191	
-125.0000	-64.8708	146.8232	
-120.0000	-70.5304	-179.3071	
-115.0000	-68.8353	177.6502	
-110.0000	-67.9548	-163.3996	
-105.0000	-65.1384	-160.6319	
-100.0000	-64.3384	169.0474	
-95.0000	-71.7697	169.8037	
-90.0000	-68.7311	-153.6557	
-85.0000	-66.9947	-161.1879	
-80.0000	-68.6718	-161.4011	
-75.0000	-68.8748	-145.3212	
-70.0000	-68.3779	-139.4139	
-65.0000	-66.9920	-120.8241	
-60.0000	-64.7541	-138.2355	
-55.0000	-70.9691	-117.7630	
-50.0000	-65.4777	-103.3566	
-45.0000	-66.9339	-100.2446	
-40.0000	-64.9020	-88.5485	
-35.0000	-64.8670	-88.6543	
-30.0000	-64.0134	-76.5529	
-25.0000	-62.6238	-75.5357	
-20.0000	-62.4995	-72.3409	
-15.0000	-62.1781	-64.9325	
-10.0000	-61.2586	-58.9524	
-5.0000	-60.3559	-57.1023	
0.0000	-59.7745	-55.2846	
5.0000	-59.3102	-53.6845	
10.0000	-58.8109	-51.9123	
15.0000	-58.5642	-50.1518	
20.0000	-58.5688	-49.9601	
25.0000	-58.6156	-51.9638	
30.0000	-58.2207	-54.7178	
35.0000	-57.9269	-53.1737	
40.0000	-58.3139	-55.5018	
45.0000	-58.2016	-60.2908	
50.0000	-58.0966	-63.3567	
55.0000	-57.9212	-66.0812	
60.0000	-58.1690	-66.2480	
65.0000	-58.1849	-73.7073	
70.0000	-58.0058	-74.4632	
75.0000	-58.1222	-81.0180	
80.0000	-58.6077	-82.3922	
85.0000	-57.6722	-92.3596	
90.0000	-58.4831	-94.1354	
95.0000	-57.9196	-91.4508	
100.0000	-58.2546	-103.8894	
105.0000	-59.5239	-109.7660	
110.0000	-57.3060	-108.3004	
115.0000	-58.4205	-118.8624	
120.0000	-58.6429	-117.5081	
125.0000	-58.3064	-122.9281	
130.0000	-59.6707	-133.4540	
135.0000	-58.9159	-133.4170	
140.0000	-60.0731	-143.6095	
145.0000	-59.4526	-146.2301	
150.0000	-60.1604	-150.7266	
155.0000	-59.1137	-159.2497	
160.0000	-59.0966	-153.2570	
165.0000	-61.7059	-151.4914	
170.0000	-63.8891	-179.3955	
175.0000	-61.5057	160.5676	
180.0000	-59.7328	156.3259	
			
			
			
[Side Lobes Table]
			
No.	Rel Ampl	Azimuth  [deg]	Absolute Ampl
1L	-0.61	95.00	-57.92
2L	-0.37	85.00	-57.67
3L	-0.70	70.00	-58.01
1R	-1.00	125.00	-58.31
2R	-1.61	135.00	-58.92
3R	-2.15	145.00	-59.45
		 	
File Name:	uwb_dipole.rff		
			
Polarizat.	0.000	Phase	
Frequency	3.100 G	 [GHz]	
Roll  	35.000	[deg]	
Ch.	Channel1		
Beam			
Switch			
Dir	0.00	dBi	
Azimuth  [deg]	Amplitude (dB)	Phase [Deg]	
-180.0000	-60.0186	154.1951	
-175.0000	-60.7848	150.6660	
-170.0000	-63.6230	148.8468	
-165.0000	-68.0165	166.0632	
-160.0000	-65.6363	-170.4757	
-155.0000	-62.6346	179.5466	
-150.0000	-62.9203	164.0063	
-145.0000	-64.9264	166.5946	
-140.0000	-64.0048	179.0387	
-135.0000	-63.3474	169.5659	
-130.0000	-63.1736	163.6737	
-125.0000	-66.2239	140.9512	
-120.0000	-67.0513	163.0131	
-115.0000	-68.4632	151.1889	
-110.0000	-71.1118	156.5523	
-105.0000	-67.5863	-167.8688	
-100.0000	-65.7101	163.0833	
-95.0000	-70.6098	156.5860	
-90.0000	-70.3249	-163.3328	
-85.0000	-66.3811	-172.5279	
-80.0000	-69.4883	179.7145	
-75.0000	-70.0187	-158.5742	
-70.0000	-70.8147	-155.4699	
-65.0000	-67.2809	-121.0157	
-60.0000	-65.9098	-146.4052	
-55.0000	-69.5407	-123.1323	
-50.0000	-68.0121	-119.4460	
-45.0000	-67.8761	-97.2449	
-40.0000	-65.9677	-95.7712	
-35.0000	-66.5156	-86.3900	
-30.0000	-64.2058	-74.6259	
-25.0000	-63.1361	-74.8811	
-20.0000	-63.2117	-71.1247	
-15.0000	-62.5648	-62.6002	
-10.0000	-61.3922	-57.9705	
-5.0000	-60.5894	-56.5637	
0.0000	-60.1309	-53.5953	
5.0000	-59.6077	-51.7908	
10.0000	-59.0141	-49.9273	
15.0000	-58.8230	-48.8803	
20.0000	-58.9167	-49.6926	
25.0000	-58.8253	-52.6715	
30.0000	-58.3150	-53.7574	
35.0000	-58.2766	-52.7470	
40.0000	-58.5797	-55.4677	
45.0000	-58.4690	-59.4680	
50.0000	-58.5852	-63.5166	
55.0000	-58.2535	-65.7667	
60.0000	-58.7398	-67.7527	
65.0000	-58.3130	-73.6142	
70.0000	-58.7287	-74.5648	
75.0000	-58.4132	-79.3924	
80.0000	-59.2954	-86.2734	
85.0000	-58.3080	-85.8223	
90.0000	-58.3841	-98.1765	
95.0000	-58.8704	-93.8662	
100.0000	-58.5105	-95.7298	
105.0000	-59.0298	-117.0144	
110.0000	-58.9067	-106.5255	
115.0000	-58.5217	-118.1213	
120.0000	-58.7994	-125.4909	
125.0000	-58.8089	-118.9865	
130.0000	-59.6761	-134.2290	
135.0000	-59.7380	-134.6709	
140.0000	-60.2225	-142.1852	
145.0000	-60.6596	-146.7155	
150.0000	-60.5020	-159.3228	
155.0000	-58.9927	-159.4936	
160.0000	-59.7406	-151.5753	
165.0000	-62.8058	-156.5631	
170.0000	-63.5114	172.3914	
175.0000	-61.2068	157.8840	
180.0000	-60.0233	153.8042	
			
			
			
[Side Lobes Table]
			
No.	Rel Ampl	Azimuth  [deg]	Absolute Ampl
1L	-0.22	45.00	-58.47
2L	-0.02	35.00	-58.28
3L	-0.57	15.00	-58.82
1R	-0.06	65.00	-58.31
2R	-0.16	75.00	-58.41
3R	-0.05	85.00	-58.31
		 	
File Name:	uwb_dipole.rff		
			
Polarizat.	0.000	Phase	
Frequency	3.100 G	 [GHz]	
Roll  	40.000	[deg]	
Ch.	Channel1		
Beam			
Switch			
Dir	0.00	dBi	
Azimuth  [deg]	Amplitude (dB)	Phase [Deg]	
-180.0000	-60.9345	154.2207	
-175.0000	-60.7159	149.7748	
-170.0000	-62.3590	145.5462	
-165.0000	-66.5753	146.5656	
-160.0000	-68.0581	170.8059	
-155.0000	-63.8158	175.8262	
-150.0000	-62.5434	160.1788	
-145.0000	-64.3895	150.4027	
-140.0000	-66.8545	163.1542	
-135.0000	-65.5627	171.8352	
-130.0000	-65.3898	171.4281	
-125.0000	-64.3698	149.3345	
-120.0000	-68.8232	153.3938	
-115.0000	-67.0422	154.4737	
-110.0000	-66.3484	151.6744	
-105.0000	-69.3391	140.8704	
-100.0000	-67.2622	161.2152	
-95.0000	-66.6718	146.1558	
-90.0000	-70.7516	133.7660	
-85.0000	-70.0059	-159.6362	
-80.0000	-66.3796	178.3465	
-75.0000	-68.7287	171.3685	
-70.0000	-69.3210	-174.1954	
-65.0000	-72.4608	-164.0069	
-60.0000	-67.7163	-139.9646	
-55.0000	-68.8508	-141.8400	
-50.0000	-67.7743	-138.2489	
-45.0000	-71.5664	-117.1290	
-40.0000	-67.1049	-100.1549	
-35.0000	-67.9246	-103.8702	
-30.0000	-66.9572	-76.8349	
-25.0000	-64.3134	-76.0012	
-20.0000	-63.9325	-74.8732	
-15.0000	-63.7955	-67.5307	
-10.0000	-62.6193	-60.9220	
-5.0000	-61.5191	-57.9249	
0.0000	-61.0117	-55.5432	
5.0000	-60.4474	-52.0833	
10.0000	-59.6363	-49.8334	
15.0000	-59.2269	-48.4928	
20.0000	-59.2333	-48.9466	
25.0000	-59.3857	-51.4637	
30.0000	-58.9908	-54.4509	
35.0000	-58.6272	-52.3270	
40.0000	-58.8788	-54.0417	
45.0000	-58.9133	-57.4348	
50.0000	-59.1293	-61.1628	
55.0000	-59.0675	-64.4096	
60.0000	-59.1622	-65.2448	
65.0000	-59.4025	-71.6535	
70.0000	-58.8809	-74.1094	
75.0000	-59.1662	-76.6060	
80.0000	-59.9010	-79.6181	
85.0000	-58.8357	-89.5810	
90.0000	-60.2059	-91.8909	
95.0000	-59.1447	-94.3360	
100.0000	-58.4622	-102.2667	
105.0000	-61.1133	-99.9703	
110.0000	-58.8302	-109.8362	
115.0000	-59.4635	-115.6059	
120.0000	-60.3220	-119.6188	
125.0000	-58.2826	-125.7499	
130.0000	-60.3616	-125.3912	
135.0000	-59.9028	-133.7078	
140.0000	-60.2817	-136.7752	
145.0000	-60.9659	-137.4813	
150.0000	-62.3118	-151.9109	
155.0000	-60.0776	-164.5473	
160.0000	-59.4452	-157.7078	
165.0000	-61.3895	-152.7378	
170.0000	-64.0174	-172.4677	
175.0000	-62.8524	163.2146	
180.0000	-60.9321	154.0602	
			
			
			
[Side Lobes Table]
			
No.	Rel Ampl	Azimuth  [deg]	Absolute Ampl
1L	-0.55	110.00	-58.83
2L	-0.18	100.00	-58.46
3L	-0.55	85.00	-58.84
1R	-1.62	135.00	-59.90
2R	-1.16	160.00	-59.45
		 	
File Name:	uwb_dipole.rff		
			
Polarizat.	0.000	Phase	
Frequency	3.100 G	 [GHz]	
Roll  	45.000	[deg]	
Ch.	Channel1		
Beam			
Switch			
Dir	0.00	dBi	
Azimuth  [deg]	Amplitude (dB)	Phase [Deg]	
-180.0000	-61.3321	151.0053	
-175.0000	-61.5435	145.2320	
-170.0000	-63.7468	140.6814	
-165.0000	-67.6143	147.5815	
-160.0000	-66.1750	169.2405	
-155.0000	-62.7919	165.5610	
-150.0000	-62.3157	149.9671	
-145.0000	-64.6387	141.9170	
-140.0000	-66.7795	150.8755	
-135.0000	-67.3694	153.5696	
-130.0000	-66.1317	161.8981	
-125.0000	-66.5758	129.4680	
-120.0000	-69.3579	140.5996	
-115.0000	-71.9339	148.8445	
-110.0000	-66.8355	156.5693	
-105.0000	-67.9576	150.7877	
-100.0000	-66.0278	152.0903	
-95.0000	-65.0474	140.8015	
-90.0000	-68.1852	113.3602	
-85.0000	-73.0667	-179.8112	
-80.0000	-67.4442	177.2578	
-75.0000	-69.1634	167.3651	
-70.0000	-68.8387	178.0700	
-65.0000	-71.3890	-168.8028	
-60.0000	-70.4546	-156.8712	
-55.0000	-68.5141	-132.1420	
-50.0000	-68.1588	-154.5836	
-45.0000	-72.3023	-109.1229	
-40.0000	-67.4830	-110.0290	
-35.0000	-69.9174	-104.3048	
-30.0000	-67.3896	-75.3988	
-25.0000	-65.1794	-74.5533	
-20.0000	-64.8783	-72.7365	
-15.0000	-64.0935	-63.9355	
-10.0000	-62.8975	-60.3003	
-5.0000	-62.1839	-58.0678	
0.0000	-61.5926	-53.1510	
5.0000	-60.6193	-50.5695	
10.0000	-59.8622	-49.2174	
15.0000	-59.6791	-49.0316	
20.0000	-59.8988	-50.0354	
25.0000	-59.9480	-53.0349	
30.0000	-59.4251	-54.1457	
35.0000	-59.2534	-52.3273	
40.0000	-59.4654	-53.8725	
45.0000	-59.5234	-56.8410	
50.0000	-59.8022	-60.6789	
55.0000	-59.7143	-62.8889	
60.0000	-60.2924	-64.8933	
65.0000	-60.2606	-74.8269	
70.0000	-59.6335	-76.2675	
75.0000	-59.6391	-75.6591	
80.0000	-60.8840	-84.1576	
85.0000	-59.6481	-83.6151	
90.0000	-60.4312	-93.1628	
95.0000	-61.0302	-98.7860	
100.0000	-58.8596	-97.4710	
105.0000	-60.7077	-109.3854	
110.0000	-60.6065	-107.0189	
115.0000	-59.7677	-113.0070	
120.0000	-61.1369	-127.8991	
125.0000	-59.4401	-122.7361	
130.0000	-60.7141	-130.6885	
135.0000	-60.6385	-134.6524	
140.0000	-60.3720	-137.9366	
145.0000	-61.9962	-133.5521	
150.0000	-63.4520	-158.7152	
155.0000	-60.4589	-165.6924	
160.0000	-60.3819	-157.1266	
165.0000	-62.6722	-157.0736	
170.0000	-64.2818	179.6984	
175.0000	-62.7894	158.9580	
180.0000	-61.3122	150.7563	
			
			
			
[Side Lobes Table]
			
No.	Rel Ampl	Azimuth  [deg]	Absolute Ampl
1L	-0.79	85.00	-59.65
2L	-0.77	70.00	-59.63
3L	-0.85	55.00	-59.71
1R	-0.91	115.00	-59.77
2R	-0.58	125.00	-59.44
3R	-1.51	140.00	-60.37
		 	
File Name:	uwb_dipole.rff		
			
Polarizat.	0.000	Phase	
Frequency	3.100 G	 [GHz]	
Roll  	50.000	[deg]	
Ch.	Channel1		
Beam			
Switch			
Dir	0.00	dBi	
Azimuth  [deg]	Amplitude (dB)	Phase [Deg]	
-180.0000	-62.6590	152.0905	
-175.0000	-61.7130	144.8827	
-170.0000	-62.6601	140.8379	
-165.0000	-65.6088	140.9541	
-160.0000	-66.7254	161.6203	
-155.0000	-63.4078	168.7018	
-150.0000	-61.6831	156.6777	
-145.0000	-62.8304	146.6748	
-140.0000	-64.9210	145.8703	
-135.0000	-66.0101	144.1192	
-130.0000	-67.2980	150.2329	
-125.0000	-64.6408	138.3029	
-120.0000	-66.7383	124.2101	
-115.0000	-67.0101	102.2537	
-110.0000	-74.5470	138.8158	
-105.0000	-71.1431	146.9638	
-100.0000	-67.7368	163.0002	
-95.0000	-65.8051	158.0081	
-90.0000	-63.6967	137.9621	
-85.0000	-68.6822	118.6059	
-80.0000	-71.2992	161.2359	
-75.0000	-68.5364	161.6939	
-70.0000	-70.3196	171.7953	
-65.0000	-70.5020	-179.2723	
-60.0000	-69.0457	-175.5382	
-55.0000	-74.6384	-144.8779	
-50.0000	-67.1153	-144.1547	
-45.0000	-72.0378	-165.5997	
-40.0000	-69.8541	-105.9511	
-35.0000	-68.6780	-119.6994	
-30.0000	-71.1643	-90.4650	
-25.0000	-67.6177	-74.6818	
-20.0000	-65.9522	-73.4241	
-15.0000	-65.4762	-68.3459	
-10.0000	-64.3176	-62.7947	
-5.0000	-63.3725	-59.5796	
0.0000	-62.8273	-54.2273	
5.0000	-61.7524	-50.0405	
10.0000	-60.7083	-49.3562	
15.0000	-60.3579	-48.9291	
20.0000	-60.4852	-49.2656	
25.0000	-60.7467	-51.2156	
30.0000	-60.4344	-53.7481	
35.0000	-59.9986	-52.5979	
40.0000	-59.9873	-53.3446	
45.0000	-60.1473	-55.2429	
50.0000	-60.3969	-58.1972	
55.0000	-60.3704	-61.2576	
60.0000	-60.5543	-60.7079	
65.0000	-61.6839	-65.2173	
70.0000	-61.3538	-76.6230	
75.0000	-60.5285	-78.9729	
80.0000	-61.4414	-77.3580	
85.0000	-60.8260	-88.2912	
90.0000	-61.5581	-88.0407	
95.0000	-61.6893	-87.7610	
100.0000	-60.7266	-107.8323	
105.0000	-61.9573	-100.2009	
110.0000	-60.5597	-105.3901	
115.0000	-61.2887	-119.7958	
120.0000	-61.9862	-112.5171	
125.0000	-60.4419	-126.9491	
130.0000	-61.6654	-125.9323	
135.0000	-61.3749	-132.9983	
140.0000	-61.3835	-139.1921	
145.0000	-60.9187	-132.7967	
150.0000	-64.2978	-134.3214	
155.0000	-63.1838	-167.1305	
160.0000	-61.1413	-164.2691	
165.0000	-62.0039	-157.9398	
170.0000	-64.4038	-169.6460	
175.0000	-64.3899	166.9555	
180.0000	-62.5575	151.7591	
			
			
			
[Side Lobes Table]
			
No.	Rel Ampl	Azimuth  [deg]	Absolute Ampl
1L	-0.37	15.00	-60.36
2L	-8.69	-35.00	-68.68
3L	-7.13	-50.00	-67.12
1R	-0.38	55.00	-60.37
2R	-0.54	75.00	-60.53
3R	-0.84	85.00	-60.83
		 	
File Name:	uwb_dipole.rff		
			
Polarizat.	0.000	Phase	
Frequency	3.100 G	 [GHz]	
Roll  	55.000	[deg]	
Ch.	Channel1		
Beam			
Switch			
Dir	0.00	dBi	
Azimuth  [deg]	Amplitude (dB)	Phase [Deg]	
-180.0000	-62.9612	145.7393	
-175.0000	-62.2373	140.4484	
-170.0000	-63.6777	140.1368	
-165.0000	-66.5921	150.2075	
-160.0000	-65.2446	171.0788	
-155.0000	-62.4145	169.7562	
-150.0000	-62.0577	158.9722	
-145.0000	-63.4942	154.0413	
-140.0000	-64.8000	152.9457	
-135.0000	-66.1068	147.6324	
-130.0000	-65.7011	153.2259	
-125.0000	-64.9542	135.2998	
-120.0000	-63.7430	129.0735	
-115.0000	-65.3293	96.9049	
-110.0000	-68.6380	101.3291	
-105.0000	-75.1785	120.3525	
-100.0000	-70.1552	152.1241	
-95.0000	-66.5679	165.1119	
-90.0000	-65.2169	139.5828	
-85.0000	-67.9472	137.8093	
-80.0000	-69.2796	150.7197	
-75.0000	-69.2892	150.1779	
-70.0000	-71.5160	160.9086	
-65.0000	-70.9474	-166.8421	
-60.0000	-69.8941	168.7587	
-55.0000	-73.1105	-132.3662	
-50.0000	-67.9007	-157.4024	
-45.0000	-75.5109	-149.7393	
-40.0000	-69.8764	-110.8296	
-35.0000	-69.9589	-121.2932	
-30.0000	-71.9865	-89.6998	
-25.0000	-68.4866	-71.5099	
-20.0000	-67.0103	-70.7994	
-15.0000	-66.0324	-64.5096	
-10.0000	-64.8800	-62.2031	
-5.0000	-64.2617	-58.3337	
0.0000	-63.3686	-51.1355	
5.0000	-62.1085	-49.0200	
10.0000	-61.1361	-49.6955	
15.0000	-61.1756	-49.5914	
20.0000	-61.5841	-50.4160	
25.0000	-61.7987	-53.2592	
30.0000	-61.2250	-54.9894	
35.0000	-60.7718	-53.8648	
40.0000	-60.8716	-53.2404	
45.0000	-61.2340	-56.3566	
50.0000	-61.2824	-61.1033	
55.0000	-61.1171	-62.3403	
60.0000	-61.4345	-60.9487	
65.0000	-62.6920	-65.6632	
70.0000	-62.5689	-76.4993	
75.0000	-61.9468	-77.6478	
80.0000	-62.8953	-82.8739	
85.0000	-61.9239	-84.4389	
90.0000	-62.0553	-90.8557	
95.0000	-63.8227	-91.1935	
100.0000	-61.5207	-99.5972	
105.0000	-62.4774	-111.7151	
110.0000	-62.5427	-102.7687	
115.0000	-61.7190	-114.6003	
120.0000	-63.0163	-123.6482	
125.0000	-61.4693	-121.2015	
130.0000	-62.8218	-129.2262	
135.0000	-62.9259	-135.2921	
140.0000	-61.8573	-143.3483	
145.0000	-61.9054	-130.4410	
150.0000	-66.0056	-139.8315	
155.0000	-63.9615	-167.9637	
160.0000	-62.4146	-164.2407	
165.0000	-63.5406	-162.5966	
170.0000	-65.3617	-177.0587	
175.0000	-64.8545	159.1161	
180.0000	-62.9513	145.5366	
			
			
			
[Side Lobes Table]
			
No.	Rel Ampl	Azimuth  [deg]	Absolute Ampl
1L	-0.36	10.00	-61.14
2L	-9.10	-40.00	-69.88
3L	-7.13	-50.00	-67.90
1R	-0.35	55.00	-61.12
2R	-1.18	75.00	-61.95
3R	-1.15	85.00	-61.92
		 	
File Name:	uwb_dipole.rff		
			
Polarizat.	0.000	Phase	
Frequency	3.100 G	 [GHz]	
Roll  	60.000	[deg]	
Ch.	Channel1		
Beam			
Switch			
Dir	0.00	dBi	
Azimuth  [deg]	Amplitude (dB)	Phase [Deg]	
-180.0000	-64.6418	145.7317	
-175.0000	-62.9075	138.5753	
-170.0000	-63.0833	139.3568	
-165.0000	-65.6282	146.0487	
-160.0000	-66.5966	170.6268	
-155.0000	-63.8211	178.5769	
-150.0000	-62.7826	169.6000	
-145.0000	-63.8199	164.3671	
-140.0000	-65.2879	161.7795	
-135.0000	-66.2985	157.8482	
-130.0000	-67.3046	159.2299	
-125.0000	-65.9490	151.6021	
-120.0000	-65.3214	151.4664	
-115.0000	-63.3569	125.7392	
-110.0000	-65.2443	115.1581	
-105.0000	-67.2257	94.6931	
-100.0000	-70.3432	122.4587	
-95.0000	-71.9733	148.9118	
-90.0000	-66.9283	146.3741	
-85.0000	-69.6452	147.5913	
-80.0000	-68.4170	151.1438	
-75.0000	-67.7171	149.8881	
-70.0000	-70.1236	145.8137	
-65.0000	-73.9186	159.6398	
-60.0000	-70.1503	-179.3300	
-55.0000	-75.9283	176.8385	
-50.0000	-69.9598	-144.3187	
-45.0000	-71.7579	-169.9040	
-40.0000	-74.7692	-120.1295	
-35.0000	-70.1005	-115.9161	
-30.0000	-72.3422	-119.8201	
-25.0000	-72.5898	-80.3925	
-20.0000	-68.9863	-69.1781	
-15.0000	-67.7673	-66.7514	
-10.0000	-66.4468	-62.6307	
-5.0000	-65.8206	-61.8434	
0.0000	-65.1537	-53.0291	
5.0000	-63.5857	-47.9956	
10.0000	-62.2626	-49.1505	
15.0000	-62.0839	-49.7089	
20.0000	-62.5271	-49.5482	
25.0000	-63.1580	-51.3481	
30.0000	-62.9044	-54.8295	
35.0000	-62.1807	-55.3308	
40.0000	-61.8305	-53.6577	
45.0000	-62.3814	-54.1873	
50.0000	-62.7088	-59.7303	
55.0000	-62.4813	-62.7272	
60.0000	-62.1715	-63.2408	
65.0000	-62.9382	-60.0628	
70.0000	-63.8422	-68.7343	
75.0000	-63.6521	-75.9931	
80.0000	-64.4260	-77.3846	
85.0000	-63.5160	-87.5069	
90.0000	-64.2301	-89.1273	
95.0000	-63.6783	-86.5161	
100.0000	-63.3332	-104.1198	
105.0000	-65.2796	-99.9435	
110.0000	-62.4765	-107.6675	
115.0000	-63.8587	-116.2727	
120.0000	-64.4132	-113.2233	
125.0000	-62.4294	-127.4705	
130.0000	-63.7621	-121.6255	
135.0000	-64.2003	-129.8963	
140.0000	-64.5073	-142.7375	
145.0000	-62.2483	-139.9468	
150.0000	-64.3511	-127.1054	
155.0000	-66.9510	-153.4292	
160.0000	-64.5517	-168.3791	
165.0000	-64.2024	-166.7220	
170.0000	-65.4644	-172.0334	
175.0000	-66.5702	168.0117	
180.0000	-64.6504	145.0028	
			
			
			
[Side Lobes Table]
			
No.	Rel Ampl	Azimuth  [deg]	Absolute Ampl
1L	-0.25	15.00	-62.08
2L	-8.27	-35.00	-70.10
3L	-8.13	-50.00	-69.96
1R	-0.34	60.00	-62.17
2R	-1.82	75.00	-63.65
3R	-1.69	85.00	-63.52
		 	
File Name:	uwb_dipole.rff		
			
Polarizat.	0.000	Phase	
Frequency	3.100 G	 [GHz]	
Roll  	65.000	[deg]	
Ch.	Channel1		
Beam			
Switch			
Dir	0.00	dBi	
Azimuth  [deg]	Amplitude (dB)	Phase [Deg]	
-180.0000	-64.8313	136.3274	
-175.0000	-63.2849	135.7030	
-170.0000	-64.4429	143.7650	
-165.0000	-67.4030	163.0520	
-160.0000	-66.2930	-174.6985	
-155.0000	-64.5821	-177.4788	
-150.0000	-64.9813	175.2781	
-145.0000	-66.4847	170.9348	
-140.0000	-67.8349	167.0629	
-135.0000	-69.2372	161.8517	
-130.0000	-69.5856	161.8235	
-125.0000	-70.0384	157.2491	
-120.0000	-66.1037	155.8326	
-115.0000	-66.5392	135.2045	
-110.0000	-65.2206	126.2045	
-105.0000	-68.7971	119.6711	
-100.0000	-68.8491	123.2733	
-95.0000	-68.3399	144.9790	
-90.0000	-69.1879	112.9548	
-85.0000	-72.2888	151.9270	
-80.0000	-69.8185	161.9697	
-75.0000	-69.1068	145.9741	
-70.0000	-70.7811	153.0898	
-65.0000	-74.0139	164.0565	
-60.0000	-72.7562	166.1030	
-55.0000	-78.0737	-148.3358	
-50.0000	-70.5057	-156.6046	
-45.0000	-74.2483	-171.1796	
-40.0000	-74.4689	-110.3283	
-35.0000	-70.7215	-117.8219	
-30.0000	-74.3705	-121.7220	
-25.0000	-73.9215	-70.6816	
-20.0000	-70.4788	-65.5523	
-15.0000	-68.5713	-61.7055	
-10.0000	-67.1671	-63.1931	
-5.0000	-67.2554	-59.1753	
0.0000	-65.8818	-49.3175	
5.0000	-63.9358	-48.6802	
10.0000	-63.0632	-51.3827	
15.0000	-63.4173	-50.7187	
20.0000	-64.3423	-49.1957	
25.0000	-64.9031	-51.3972	
30.0000	-64.5081	-56.2928	
35.0000	-63.4717	-57.1757	
40.0000	-63.2522	-52.1364	
45.0000	-64.4012	-55.2078	
50.0000	-64.2260	-63.9020	
55.0000	-64.1379	-65.3677	
60.0000	-63.7344	-66.0707	
65.0000	-64.4269	-64.5418	
70.0000	-64.8799	-70.1793	
75.0000	-65.2209	-72.2818	
80.0000	-66.7068	-81.6872	
85.0000	-65.1358	-83.7672	
90.0000	-65.7705	-91.5506	
95.0000	-66.6575	-94.3607	
100.0000	-63.9736	-96.1126	
105.0000	-66.7144	-114.0703	
110.0000	-64.6953	-105.8717	
115.0000	-64.6362	-110.4487	
120.0000	-66.5270	-128.9638	
125.0000	-63.5564	-124.1451	
130.0000	-65.0221	-123.7676	
135.0000	-66.5306	-128.4245	
140.0000	-65.4817	-149.5653	
145.0000	-63.5984	-139.9971	
150.0000	-66.5598	-132.3064	
155.0000	-68.0075	-157.4494	
160.0000	-66.1882	-168.7404	
165.0000	-65.9762	-170.2607	
170.0000	-67.2996	-177.2101	
175.0000	-67.7451	154.0704	
180.0000	-64.8979	135.6714	
			
			
			
[Side Lobes Table]
			
No.	Rel Ampl	Azimuth  [deg]	Absolute Ampl
1L	-4.10	-10.00	-67.17
2L	-7.66	-35.00	-70.72
3L	-7.44	-50.00	-70.51
1R	-0.19	40.00	-63.25
2R	-0.67	60.00	-63.73
3R	-2.07	85.00	-65.14
		 	
File Name:	uwb_dipole.rff		
			
Polarizat.	0.000	Phase	
Frequency	3.100 G	 [GHz]	
Roll  	70.000	[deg]	
Ch.	Channel1		
Beam			
Switch			
Dir	0.00	dBi	
Azimuth  [deg]	Amplitude (dB)	Phase [Deg]	
-180.0000	-67.7276	132.5509	
-175.0000	-64.5084	130.0897	
-170.0000	-64.3317	141.1026	
-165.0000	-67.3796	161.9389	
-160.0000	-68.5065	-170.5362	
-155.0000	-67.2793	-166.5349	
-150.0000	-67.4708	-177.0968	
-145.0000	-68.9169	175.4406	
-140.0000	-70.3381	166.3229	
-135.0000	-72.0004	156.7156	
-130.0000	-72.7223	148.7766	
-125.0000	-73.5972	134.6715	
-120.0000	-73.5375	153.3590	
-115.0000	-70.8864	136.7480	
-110.0000	-69.7780	140.9247	
-105.0000	-70.8228	130.7265	
-100.0000	-69.0574	141.1611	
-95.0000	-69.6184	153.8100	
-90.0000	-66.1758	130.1746	
-85.0000	-72.1798	118.7255	
-80.0000	-74.3040	148.0487	
-75.0000	-70.0184	148.8360	
-70.0000	-74.7341	158.6086	
-65.0000	-72.0276	160.6579	
-60.0000	-73.0007	156.1621	
-55.0000	-82.1709	149.2484	
-50.0000	-73.2550	-145.3315	
-45.0000	-72.9257	-171.3538	
-40.0000	-79.8754	-145.0800	
-35.0000	-73.4016	-104.5448	
-30.0000	-72.6038	-126.9612	
-25.0000	-79.3717	-109.3730	
-20.0000	-74.8345	-60.2934	
-15.0000	-71.2279	-58.0186	
-10.0000	-69.1541	-61.7796	
-5.0000	-68.8923	-65.0658	
0.0000	-68.3927	-53.3784	
5.0000	-66.2131	-48.7161	
10.0000	-64.6623	-53.3859	
15.0000	-64.5724	-54.0071	
20.0000	-65.5872	-50.5708	
25.0000	-66.8116	-48.3651	
30.0000	-67.2075	-52.9117	
35.0000	-66.3279	-58.9688	
40.0000	-64.8331	-55.5821	
45.0000	-65.8119	-49.0419	
50.0000	-66.9540	-62.9713	
55.0000	-66.4760	-63.8666	
60.0000	-66.4408	-70.8119	
65.0000	-66.1773	-66.2762	
70.0000	-66.5098	-73.0537	
75.0000	-66.4660	-72.4277	
80.0000	-68.0446	-70.6186	
85.0000	-68.3991	-89.9750	
90.0000	-67.9603	-86.1342	
95.0000	-67.7647	-88.5578	
100.0000	-66.9522	-108.5241	
105.0000	-68.8658	-93.5112	
110.0000	-66.4278	-117.4717	
115.0000	-66.1664	-115.8145	
120.0000	-68.6422	-104.9686	
125.0000	-66.5785	-136.2293	
130.0000	-65.8342	-125.9513	
135.0000	-66.9043	-120.7055	
140.0000	-69.8142	-138.2464	
145.0000	-66.0806	-149.5213	
150.0000	-66.1724	-134.8074	
155.0000	-69.1722	-140.9707	
160.0000	-69.5671	-164.1519	
165.0000	-68.0558	-174.7255	
170.0000	-68.1979	-175.4802	
175.0000	-70.4610	168.0972	
180.0000	-67.6095	132.4684	
			
			
			
[Side Lobes Table]
			
No.	Rel Ampl	Azimuth  [deg]	Absolute Ampl
1R	-2.95	-155.00	-67.28
2R	-5.45	-110.00	-69.78
3R	-4.73	-100.00	-69.06
		 	
File Name:	uwb_dipole.rff		
			
Polarizat.	0.000	Phase	
Frequency	3.100 G	 [GHz]	
Roll  	75.000	[deg]	
Ch.	Channel1		
Beam			
Switch			
Dir	0.00	dBi	
Azimuth  [deg]	Amplitude (dB)	Phase [Deg]	
-180.0000	-68.1270	119.3664	
-175.0000	-65.2325	132.0078	
-170.0000	-66.3746	153.1727	
-165.0000	-69.6781	-172.3660	
-160.0000	-70.2648	-154.6548	
-155.0000	-71.3486	-163.3618	
-150.0000	-72.1383	176.6966	
-145.0000	-72.2882	160.1598	
-140.0000	-72.4035	140.7257	
-135.0000	-72.4073	133.6293	
-130.0000	-71.5734	121.0477	
-125.0000	-72.3219	107.6869	
-120.0000	-72.4289	112.4774	
-115.0000	-74.0748	96.4231	
-110.0000	-75.4370	107.3470	
-105.0000	-75.8958	153.2903	
-100.0000	-74.4480	145.1751	
-95.0000	-69.7203	168.4607	
-90.0000	-69.5940	137.2086	
-85.0000	-72.1488	129.4024	
-80.0000	-72.6796	154.3654	
-75.0000	-71.9455	118.0089	
-70.0000	-79.0977	-166.8044	
-65.0000	-72.5646	174.1971	
-60.0000	-74.6651	124.9339	
-55.0000	-85.0091	-112.2599	
-50.0000	-74.0527	-157.7634	
-45.0000	-76.3899	-174.4478	
-40.0000	-83.4551	-122.1661	
-35.0000	-73.7133	-101.4014	
-30.0000	-75.2521	-135.4800	
-25.0000	-87.4151	-78.4766	
-20.0000	-76.3207	-49.8908	
-15.0000	-72.3805	-54.0135	
-10.0000	-71.0327	-65.0562	
-5.0000	-71.6032	-62.3806	
0.0000	-70.1303	-49.7678	
5.0000	-67.7738	-51.3557	
10.0000	-66.6653	-57.4384	
15.0000	-67.0311	-56.0907	
20.0000	-68.5423	-49.6178	
25.0000	-70.0575	-46.0957	
30.0000	-70.6325	-53.2405	
35.0000	-68.4613	-60.7297	
40.0000	-67.0427	-48.8004	
45.0000	-69.2558	-44.8052	
50.0000	-69.2481	-62.2984	
55.0000	-70.2024	-63.5247	
60.0000	-69.1880	-72.0688	
65.0000	-69.7081	-71.0953	
70.0000	-68.6537	-76.9216	
75.0000	-69.2744	-71.8008	
80.0000	-71.9034	-68.7942	
85.0000	-71.1027	-91.6084	
90.0000	-70.6823	-92.6960	
95.0000	-71.1551	-96.4165	
100.0000	-68.2396	-96.8087	
105.0000	-72.7566	-110.2813	
110.0000	-68.8944	-121.5449	
115.0000	-67.5048	-106.4063	
120.0000	-73.1513	-119.0537	
125.0000	-68.7688	-135.7141	
130.0000	-67.5940	-129.9707	
135.0000	-70.2279	-113.2313	
140.0000	-72.0294	-150.9823	
145.0000	-68.4845	-147.5353	
150.0000	-69.0476	-137.6256	
155.0000	-71.9771	-139.5262	
160.0000	-72.8266	-170.1402	
165.0000	-70.1276	-179.4255	
170.0000	-71.2208	-173.6137	
175.0000	-74.1425	142.9160	
180.0000	-68.0916	119.1499	
			
			
			
[Side Lobes Table]
			
No.	Rel Ampl	Azimuth  [deg]	Absolute Ampl
1R	-6.34	-130.00	-71.57
2R	-4.36	-90.00	-69.59
3R	-6.71	-75.00	-71.95
		 	
File Name:	uwb_dipole.rff		
			
Polarizat.	0.000	Phase	
Frequency	3.100 G	 [GHz]	
Roll  	80.000	[deg]	
Ch.	Channel1		
Beam			
Switch			
Dir	0.00	dBi	
Azimuth  [deg]	Amplitude (dB)	Phase [Deg]	
-180.0000	-72.6351	99.9170	
-175.0000	-67.2901	119.5488	
-170.0000	-66.9915	148.8934	
-165.0000	-69.3696	-176.1395	
-160.0000	-72.3105	-141.8864	
-155.0000	-77.1928	-141.0808	
-150.0000	-78.4763	169.4382	
-145.0000	-73.9035	146.1596	
-140.0000	-71.3586	132.3831	
-135.0000	-71.3885	126.4563	
-130.0000	-69.5694	125.8402	
-125.0000	-69.4928	114.8951	
-120.0000	-70.1929	108.2690	
-115.0000	-70.0538	96.6968	
-110.0000	-72.6159	77.2698	
-105.0000	-79.9325	91.5990	
-100.0000	-76.3063	113.1077	
-95.0000	-90.7245	-178.4861	
-90.0000	-76.2976	-179.0671	
-85.0000	-74.6024	170.1570	
-80.0000	-74.0163	166.1653	
-75.0000	-69.5365	130.2425	
-70.0000	-79.1923	42.3685	
-65.0000	-76.8938	-146.6987	
-60.0000	-73.5483	145.6102	
-55.0000	-81.7454	39.7893	
-50.0000	-77.5082	-136.7053	
-45.0000	-77.3096	-174.9635	
-40.0000	-82.5469	175.7184	
-35.0000	-79.1640	-74.5551	
-30.0000	-74.4678	-122.3523	
-25.0000	-83.2402	176.3699	
-20.0000	-83.5497	-8.0634	
-15.0000	-76.7831	-42.0293	
-10.0000	-73.9031	-63.1887	
-5.0000	-74.4159	-78.1212	
0.0000	-75.9375	-58.0797	
5.0000	-72.3411	-49.1373	
10.0000	-69.7019	-58.3478	
15.0000	-69.6551	-63.2394	
20.0000	-70.9444	-56.2636	
25.0000	-73.2755	-42.7759	
30.0000	-75.3766	-37.8940	
35.0000	-75.1479	-59.1664	
40.0000	-70.2986	-55.1565	
45.0000	-70.9582	-35.7537	
50.0000	-74.2737	-57.6932	
55.0000	-73.6518	-56.6125	
60.0000	-74.6958	-73.1862	
65.0000	-73.4560	-66.2853	
70.0000	-73.2169	-84.2471	
75.0000	-71.9291	-74.0234	
80.0000	-72.7542	-64.7928	
85.0000	-79.6153	-74.5783	
90.0000	-76.0854	-92.0839	
95.0000	-74.9778	-101.2546	
100.0000	-72.2216	-111.6508	
105.0000	-74.8228	-84.6644	
110.0000	-74.9897	-139.0196	
115.0000	-69.8662	-130.4998	
120.0000	-72.9975	-90.4857	
125.0000	-74.9444	-137.9907	
130.0000	-71.8900	-145.5922	
135.0000	-70.1437	-116.1430	
140.0000	-78.2965	-111.7838	
145.0000	-73.7611	-153.0013	
150.0000	-72.5266	-143.9537	
155.0000	-72.6161	-134.1849	
160.0000	-78.3190	-148.3169	
165.0000	-74.8627	171.1142	
170.0000	-72.9463	-174.7716	
175.0000	-80.4611	175.9308	
180.0000	-72.0076	101.0666	
			
			
			
[Side Lobes Table]
			
No.	Rel Ampl	Azimuth  [deg]	Absolute Ampl
1R	-4.37	-140.00	-71.36
2R	-2.50	-125.00	-69.49
3R	-3.06	-115.00	-70.05
		 	
File Name:	uwb_dipole.rff		
			
Polarizat.	0.000	Phase	
Frequency	3.100 G	 [GHz]	
Roll  	85.000	[deg]	
Ch.	Channel1		
Beam			
Switch			
Dir	0.00	dBi	
Azimuth  [deg]	Amplitude (dB)	Phase [Deg]	
-180.0000	-70.9142	86.0250	
-175.0000	-68.3659	127.1653	
-170.0000	-68.8873	169.8099	
-165.0000	-71.4294	-142.4541	
-160.0000	-76.8895	-106.3954	
-155.0000	-90.6601	-23.7607	
-150.0000	-79.5467	121.4802	
-145.0000	-71.8582	131.3571	
-140.0000	-70.2853	125.4731	
-135.0000	-70.0473	138.2950	
-130.0000	-68.7836	129.8752	
-125.0000	-69.6528	124.6336	
-120.0000	-70.8699	117.0196	
-115.0000	-70.8005	102.4553	
-110.0000	-75.0777	89.6831	
-105.0000	-74.3040	120.4099	
-100.0000	-72.3916	82.8433	
-95.0000	-75.8414	12.8937	
-90.0000	-76.6516	-70.9692	
-85.0000	-75.8559	-136.2207	
-80.0000	-72.0985	179.5048	
-75.0000	-71.9111	96.8298	
-70.0000	-80.5466	-26.5975	
-65.0000	-77.9943	-163.1808	
-60.0000	-76.6198	82.8816	
-55.0000	-81.1771	-29.3544	
-50.0000	-80.7876	-156.9450	
-45.0000	-80.5151	177.3052	
-40.0000	-91.4616	64.7570	
-35.0000	-76.8122	-80.7700	
-30.0000	-77.8986	-154.6386	
-25.0000	-82.9408	97.9241	
-20.0000	-82.2536	10.8934	
-15.0000	-79.6324	-35.0567	
-10.0000	-77.5707	-82.1431	
-5.0000	-83.4848	-117.5645	
0.0000	-84.2943	-25.2128	
5.0000	-75.6105	-50.1017	
10.0000	-73.8072	-69.8037	
15.0000	-74.8387	-74.8896	
20.0000	-78.3852	-55.1645	
25.0000	-80.8549	-20.3959	
30.0000	-83.8354	-4.8977	
35.0000	-80.1359	-67.3391	
40.0000	-74.1007	-40.4824	
45.0000	-78.3239	-13.5044	
50.0000	-80.3730	-56.6943	
55.0000	-82.2032	-48.9344	
60.0000	-80.2242	-75.2463	
65.0000	-82.4651	-67.3994	
70.0000	-77.2503	-89.2122	
75.0000	-78.3212	-83.4588	
80.0000	-78.6207	-47.0336	
85.0000	-90.8597	-136.5603	
90.0000	-86.8838	-115.5378	
95.0000	-80.7920	-127.7255	
100.0000	-75.6241	-105.9041	
105.0000	-85.5448	-72.1808	
110.0000	-78.0405	-173.1731	
115.0000	-73.3076	-123.5520	
120.0000	-79.9873	-89.2549	
125.0000	-82.9559	-142.9468	
130.0000	-74.6326	-154.9273	
135.0000	-76.1830	-89.7966	
140.0000	-89.9744	-149.0561	
145.0000	-80.6661	-150.8104	
150.0000	-77.6442	-148.8348	
155.0000	-78.9431	-113.7254	
160.0000	-90.1906	142.0513	
165.0000	-76.3021	159.8649	
170.0000	-78.6187	-153.7399	
175.0000	-82.3591	33.0454	
180.0000	-70.8197	87.2643	
			
			
			
[Side Lobes Table]
			
No.	Rel Ampl	Azimuth  [deg]	Absolute Ampl
1R	-0.42	-130.00	-68.78
2R	-2.43	-115.00	-70.80
3R	-4.03	-100.00	-72.39
		 	
File Name:	uwb_dipole.rff		
			
Polarizat.	0.000	Phase	
Frequency	3.100 G	 [GHz]	
Roll  	90.000	[deg]	
Ch.	Channel1		
Beam			
Switch			
Dir	0.00	dBi	
Azimuth  [deg]	Amplitude (dB)	Phase [Deg]	
-180.0000	-71.9869	43.4701	
-175.0000	-70.9223	97.3487	
-170.0000	-70.7039	159.7427	
-165.0000	-71.1447	-145.8573	
-160.0000	-75.4427	-103.1723	
-155.0000	-78.7476	-15.8819	
-150.0000	-81.5952	35.5926	
-145.0000	-75.3497	130.1290	
-140.0000	-71.0785	131.3338	
-135.0000	-72.5073	144.4657	
-130.0000	-70.1246	146.6031	
-125.0000	-72.6155	151.4310	
-120.0000	-74.8982	149.5293	
-115.0000	-72.8626	162.6746	
-110.0000	-75.0222	135.2967	
-105.0000	-71.7670	149.8942	
-100.0000	-69.4630	115.0607	
-95.0000	-68.3809	50.3113	
-90.0000	-69.6046	-18.3256	
-85.0000	-72.6323	-72.5402	
-80.0000	-76.9765	-116.5474	
-75.0000	-77.8095	151.9411	
-70.0000	-79.8845	25.6409	
-65.0000	-89.3203	-86.2299	
-60.0000	-79.5422	88.5388	
-55.0000	-75.5960	15.0187	
-50.0000	-82.4352	-65.8961	
-45.0000	-83.2756	-169.2892	
-40.0000	-82.4336	103.6085	
-35.0000	-79.7657	-22.0837	
-30.0000	-79.8426	-126.9873	
-25.0000	-79.7045	123.5673	
-20.0000	-79.3772	70.7432	
-15.0000	-83.8148	31.7105	
-10.0000	-90.3242	-86.3416	
-5.0000	-82.3926	176.0693	
0.0000	-82.1490	109.7550	
5.0000	-87.5531	32.1208	
10.0000	-84.0039	-78.5824	
15.0000	-82.5604	-123.2526	
20.0000	-87.7215	-150.2000	
25.0000	-88.9304	104.7572	
30.0000	-81.6655	88.4405	
35.0000	-82.2318	123.4737	
40.0000	-91.9052	-44.8358	
45.0000	-79.8263	26.7998	
50.0000	-85.8545	90.2859	
55.0000	-86.9364	81.7651	
60.0000	-86.7313	142.9553	
65.0000	-91.0365	74.0344	
70.0000	-88.1756	165.9716	
75.0000	-95.9207	92.1269	
80.0000	-94.5631	-85.5834	
85.0000	-78.8999	74.0147	
90.0000	-83.8838	102.8160	
95.0000	-83.5937	130.3159	
100.0000	-87.6351	-179.6292	
105.0000	-97.9094	-5.1085	
110.0000	-81.0678	97.4970	
115.0000	-80.1750	168.1166	
120.0000	-87.5208	-111.5350	
125.0000	-87.2622	-32.8665	
130.0000	-81.8044	101.2102	
135.0000	-80.8838	-116.9153	
140.0000	-79.9370	6.3251	
145.0000	-89.7703	30.2516	
150.0000	-90.1251	74.8825	
155.0000	-83.8710	-99.2465	
160.0000	-80.5829	-1.8538	
165.0000	-79.6138	90.1143	
170.0000	-82.0108	-165.7328	
175.0000	-78.3814	-32.8270	
180.0000	-72.1255	43.5079	
			
			
			
[Side Lobes Table]
			
No.	Rel Ampl	Azimuth  [deg]	Absolute Ampl
1L	-4.48	-115.00	-72.86
2L	-1.74	-130.00	-70.12
3L	-2.70	-140.00	-71.08
1R	-7.22	-55.00	-75.60
2R	-11.38	-35.00	-79.77
3R	-11.00	-20.00	-79.38
		 	
File Name:	uwb_dipole.rff		
			
Polarizat.	0.000	Phase	
Frequency	3.100 G	 [GHz]	
Roll  	95.000	[deg]	
Ch.	Channel1		
Beam			
Switch			
Dir	0.00	dBi	
Azimuth  [deg]	Amplitude (dB)	Phase [Deg]	
-180.0000	-70.5468	38.9227	
-175.0000	-74.9096	113.5017	
-170.0000	-72.7073	-162.1644	
-165.0000	-73.4351	-118.0274	
-160.0000	-78.8651	-35.6207	
-155.0000	-74.9434	4.4750	
-150.0000	-91.3761	49.0201	
-145.0000	-75.2408	147.4810	
-140.0000	-76.5454	146.9191	
-135.0000	-74.5166	-168.6466	
-130.0000	-76.4042	-169.2422	
-125.0000	-74.5444	-148.8188	
-120.0000	-72.1262	-127.5196	
-115.0000	-70.6204	-163.3557	
-110.0000	-71.3770	-169.4846	
-105.0000	-69.4230	148.4406	
-100.0000	-68.7773	98.0157	
-95.0000	-67.9314	24.2212	
-90.0000	-70.4929	-29.6252	
-85.0000	-74.3412	-41.5225	
-80.0000	-74.3607	-54.3756	
-75.0000	-89.8820	-67.5615	
-70.0000	-82.1219	-28.5539	
-65.0000	-84.7802	50.1158	
-60.0000	-74.3088	34.2802	
-55.0000	-74.7668	-0.9002	
-50.0000	-84.9768	-49.0440	
-45.0000	-84.8305	138.2569	
-40.0000	-79.6170	50.1676	
-35.0000	-82.3298	-46.4279	
-30.0000	-81.7931	148.4798	
-25.0000	-76.1940	94.5567	
-20.0000	-78.0213	78.5586	
-15.0000	-81.8702	87.6531	
-10.0000	-80.4389	144.7823	
-5.0000	-75.0936	129.6958	
0.0000	-75.0836	107.5243	
5.0000	-80.4636	103.3331	
10.0000	-80.5838	153.6488	
15.0000	-76.8738	152.2513	
20.0000	-75.5451	136.8479	
25.0000	-74.6812	119.9361	
30.0000	-72.8854	115.5880	
35.0000	-74.5936	126.3565	
40.0000	-79.0370	95.2019	
45.0000	-74.5347	94.0543	
50.0000	-76.4948	107.9502	
55.0000	-74.9746	110.0281	
60.0000	-77.2932	117.3916	
65.0000	-76.4461	105.4660	
70.0000	-79.9681	106.6086	
75.0000	-75.5523	110.6849	
80.0000	-78.6065	76.4822	
85.0000	-73.4307	101.1274	
90.0000	-74.4809	96.3595	
95.0000	-77.9350	108.0177	
100.0000	-79.7680	95.7127	
105.0000	-77.9299	72.3831	
110.0000	-75.6068	87.9893	
115.0000	-78.8322	88.9794	
120.0000	-82.6856	76.9403	
125.0000	-76.1735	30.2894	
130.0000	-76.9595	85.1385	
135.0000	-78.6011	1.7630	
140.0000	-75.2032	37.9599	
145.0000	-75.7917	30.2281	
150.0000	-79.7536	53.8526	
155.0000	-77.7323	-11.6336	
160.0000	-73.7086	26.5182	
165.0000	-78.9473	82.7101	
170.0000	-79.2855	-61.0942	
175.0000	-71.1202	-7.4674	
180.0000	-70.7189	41.2375	
			
			
			
[Side Lobes Table]
			
No.	Rel Ampl	Azimuth  [deg]	Absolute Ampl
1L	-2.69	-115.00	-70.62
2L	-6.59	-135.00	-74.52
3L	-7.31	-145.00	-75.24
1R	-14.19	-70.00	-82.12
2R	-6.38	-60.00	-74.31
3R	-11.69	-40.00	-79.62
		 	
File Name:	uwb_dipole.rff		
			
Polarizat.	0.000	Phase	
Frequency	3.100 G	 [GHz]	
Roll  	100.000	[deg]	
Ch.	Channel1		
Beam			
Switch			
Dir	0.00	dBi	
Azimuth  [deg]	Amplitude (dB)	Phase [Deg]	
-180.0000	-68.0190	9.9637	
-175.0000	-74.5407	51.7720	
-170.0000	-77.0935	-155.0854	
-165.0000	-72.7837	-118.6372	
-160.0000	-78.7230	-47.5786	
-155.0000	-72.8066	8.1938	
-150.0000	-76.5565	-13.2421	
-145.0000	-80.9649	-158.9666	
-140.0000	-80.8199	-178.9555	
-135.0000	-74.9476	-110.3498	
-130.0000	-74.1308	-117.5846	
-125.0000	-70.6288	-103.4514	
-120.0000	-69.4902	-94.6488	
-115.0000	-66.8573	-126.4353	
-110.0000	-70.3046	-142.6501	
-105.0000	-70.0813	178.3092	
-100.0000	-73.0319	136.6328	
-95.0000	-70.2500	46.9925	
-90.0000	-71.3327	-12.6954	
-85.0000	-72.2161	-12.1382	
-80.0000	-68.6668	-16.3933	
-75.0000	-72.1156	-57.0666	
-70.0000	-77.4376	-34.6009	
-65.0000	-83.4352	-2.1766	
-60.0000	-75.3059	29.8728	
-55.0000	-72.5033	19.5748	
-50.0000	-75.2103	-6.7612	
-45.0000	-98.5684	-42.9127	
-40.0000	-77.6138	76.7426	
-35.0000	-78.0689	14.6307	
-30.0000	-89.0877	138.1153	
-25.0000	-74.8974	99.5534	
-20.0000	-74.4720	90.4726	
-15.0000	-75.0752	95.7417	
-10.0000	-75.7538	117.1899	
-5.0000	-72.3027	130.0390	
0.0000	-70.4665	115.4048	
5.0000	-72.4253	108.7482	
10.0000	-74.2243	123.9626	
15.0000	-71.8478	139.3973	
20.0000	-70.3879	134.7979	
25.0000	-69.8691	125.5581	
30.0000	-69.1944	117.0314	
35.0000	-69.1918	119.3752	
40.0000	-72.2570	114.1253	
45.0000	-71.1799	98.8999	
50.0000	-71.2323	110.5771	
55.0000	-71.1916	108.7027	
60.0000	-71.2862	116.0459	
65.0000	-71.6774	104.4288	
70.0000	-72.5709	109.4606	
75.0000	-71.1930	94.7595	
80.0000	-73.5871	105.7094	
85.0000	-69.6805	86.1862	
90.0000	-71.3572	88.1293	
95.0000	-70.9324	94.9327	
100.0000	-72.0762	89.0273	
105.0000	-73.7006	87.8677	
110.0000	-72.0079	74.2425	
115.0000	-72.4683	71.7923	
120.0000	-72.6472	74.5070	
125.0000	-74.9727	39.3006	
130.0000	-70.4591	55.2105	
135.0000	-75.4423	43.7574	
140.0000	-71.2947	32.0911	
145.0000	-71.5943	26.7627	
150.0000	-70.7819	39.5572	
155.0000	-75.7585	16.4060	
160.0000	-70.4113	14.5756	
165.0000	-71.8747	46.7250	
170.0000	-84.2353	-0.3020	
175.0000	-69.6258	-24.6948	
180.0000	-68.0172	11.4096	
			
			
			
[Side Lobes Table]
			
No.	Rel Ampl	Azimuth  [deg]	Absolute Ampl
1L	-5.95	-155.00	-72.81
2L	-5.93	-165.00	-72.78
1R	-3.22	-105.00	-70.08
2R	-3.39	-95.00	-70.25
3R	-1.81	-80.00	-68.67
		 	
File Name:	uwb_dipole.rff		
			
Polarizat.	0.000	Phase	
Frequency	3.100 G	 [GHz]	
Roll  	105.000	[deg]	
Ch.	Channel1		
Beam			
Switch			
Dir	0.00	dBi	
Azimuth  [deg]	Amplitude (dB)	Phase [Deg]	
-180.0000	-67.4082	11.5963	
-175.0000	-81.2704	15.8782	
-170.0000	-74.1929	-115.1439	
-165.0000	-76.3565	-91.0662	
-160.0000	-74.9440	6.4034	
-155.0000	-71.5549	-2.6452	
-150.0000	-75.8318	-66.6981	
-145.0000	-76.9603	-114.6312	
-140.0000	-73.6126	-79.0302	
-135.0000	-69.6404	-88.7420	
-130.0000	-69.0664	-80.2644	
-125.0000	-67.9635	-89.4123	
-120.0000	-65.3559	-92.3392	
-115.0000	-67.5672	-125.9925	
-110.0000	-70.3154	-135.1333	
-105.0000	-80.3392	-173.9627	
-100.0000	-86.2806	126.5989	
-95.0000	-74.0114	-4.4991	
-90.0000	-74.6957	5.7641	
-85.0000	-68.3871	3.6612	
-80.0000	-66.5770	-28.2248	
-75.0000	-72.5292	-38.4139	
-70.0000	-73.9772	-35.0595	
-65.0000	-76.6964	13.6270	
-60.0000	-72.8585	21.3068	
-55.0000	-70.9776	19.8413	
-50.0000	-74.8495	-9.3953	
-45.0000	-81.7552	99.6574	
-40.0000	-74.3828	54.8197	
-35.0000	-81.6599	22.1355	
-30.0000	-75.6049	108.4016	
-25.0000	-72.2240	94.5346	
-20.0000	-72.0274	99.0202	
-15.0000	-72.1261	106.3052	
-10.0000	-71.0237	123.8548	
-5.0000	-68.4274	120.9059	
0.0000	-68.5089	112.5118	
5.0000	-70.1251	117.2902	
10.0000	-69.2812	130.8747	
15.0000	-67.5249	132.4306	
20.0000	-66.8710	127.6895	
25.0000	-66.9045	120.6903	
30.0000	-66.6192	117.1890	
35.0000	-67.6767	119.2886	
40.0000	-68.9364	108.5935	
45.0000	-68.0937	109.1723	
50.0000	-68.8983	109.7575	
55.0000	-67.8782	111.0247	
60.0000	-68.9843	107.1963	
65.0000	-67.9241	104.8765	
70.0000	-69.2654	100.6124	
75.0000	-67.2134	105.8582	
80.0000	-70.0409	92.4258	
85.0000	-67.6103	95.5430	
90.0000	-68.0723	83.8931	
95.0000	-68.6919	86.5120	
100.0000	-68.5488	89.3723	
105.0000	-70.5106	78.8927	
110.0000	-69.2952	70.6808	
115.0000	-68.7070	63.9034	
120.0000	-70.4557	67.9219	
125.0000	-69.2246	38.1284	
130.0000	-68.7845	55.5599	
135.0000	-69.3914	35.4009	
140.0000	-69.0218	36.4127	
145.0000	-67.8999	25.1981	
150.0000	-68.9467	38.2901	
155.0000	-69.7408	13.0031	
160.0000	-67.6796	27.1970	
165.0000	-72.3464	43.7122	
170.0000	-71.9292	-31.9262	
175.0000	-66.1315	-14.7096	
180.0000	-67.6537	12.6503	
			
			
			
[Side Lobes Table]
			
No.	Rel Ampl	Azimuth  [deg]	Absolute Ampl
1L	-6.20	-155.00	-71.55
2L	-8.84	-170.00	-74.19
1R	-8.66	-95.00	-74.01
2R	-1.22	-80.00	-66.58
3R	-5.62	-55.00	-70.98
		 	
File Name:	uwb_dipole.rff		
			
Polarizat.	0.000	Phase	
Frequency	3.100 G	 [GHz]	
Roll  	110.000	[deg]	
Ch.	Channel1		
Beam			
Switch			
Dir	0.00	dBi	
Azimuth  [deg]	Amplitude (dB)	Phase [Deg]	
-180.0000	-64.8381	-2.3338	
-175.0000	-70.1904	4.1842	
-170.0000	-75.8035	-80.0618	
-165.0000	-75.2055	-89.7080	
-160.0000	-78.5653	7.6329	
-155.0000	-71.4402	8.2836	
-150.0000	-72.1244	-49.5994	
-145.0000	-71.5737	-94.6255	
-140.0000	-71.3123	-81.9646	
-135.0000	-67.4623	-77.1280	
-130.0000	-67.8797	-80.2864	
-125.0000	-66.5787	-83.8319	
-120.0000	-66.6202	-77.6570	
-115.0000	-66.8381	-109.2733	
-110.0000	-71.4949	-95.4027	
-105.0000	-76.7915	-88.2023	
-100.0000	-72.2686	-81.9919	
-95.0000	-80.8896	-38.6948	
-90.0000	-77.1657	0.0977	
-85.0000	-68.3115	3.0640	
-80.0000	-66.4385	-13.4805	
-75.0000	-69.6013	-25.7048	
-70.0000	-69.0059	-26.7462	
-65.0000	-75.3006	-19.0330	
-60.0000	-72.3309	16.6134	
-55.0000	-70.7702	28.1683	
-50.0000	-70.7208	11.1168	
-45.0000	-85.3696	34.8506	
-40.0000	-72.8779	69.9282	
-35.0000	-75.8127	36.3254	
-30.0000	-76.4732	101.6847	
-25.0000	-71.1367	94.3893	
-20.0000	-70.5255	99.3110	
-15.0000	-69.8832	105.1995	
-10.0000	-69.4183	116.5718	
-5.0000	-67.2558	122.5984	
0.0000	-66.3938	116.2812	
5.0000	-67.1708	116.8372	
10.0000	-67.1235	125.5908	
15.0000	-65.8138	129.8125	
20.0000	-64.9192	126.9544	
25.0000	-64.9317	123.3403	
30.0000	-64.8481	118.1247	
35.0000	-65.1187	119.9029	
40.0000	-66.3489	114.4010	
45.0000	-65.8264	109.0749	
50.0000	-66.5833	112.3567	
55.0000	-65.9014	107.9813	
60.0000	-66.3367	110.3578	
65.0000	-65.7510	101.4670	
70.0000	-66.3608	103.2820	
75.0000	-64.9873	96.5361	
80.0000	-66.7744	104.3459	
85.0000	-65.5049	88.9897	
90.0000	-66.7227	84.5359	
95.0000	-66.2242	85.6032	
100.0000	-65.8574	78.3052	
105.0000	-67.4613	84.6900	
110.0000	-67.6905	69.3972	
115.0000	-66.8776	59.4037	
120.0000	-66.4367	63.2592	
125.0000	-68.4481	48.6745	
130.0000	-65.9745	45.3269	
135.0000	-67.3184	41.1114	
140.0000	-66.4573	38.8987	
145.0000	-66.8935	25.8823	
150.0000	-65.6643	32.5274	
155.0000	-68.0988	22.4039	
160.0000	-65.8188	18.8368	
165.0000	-67.6769	37.6324	
170.0000	-73.3134	-12.0233	
175.0000	-65.7323	-25.0190	
180.0000	-64.9161	-2.0013	
			
			
			
[Side Lobes Table]
			
No.	Rel Ampl	Azimuth  [deg]	Absolute Ampl
1R	-10.37	-165.00	-75.21
2R	-6.60	-155.00	-71.44
3R	-2.62	-135.00	-67.46
		 	
File Name:	uwb_dipole.rff		
			
Polarizat.	0.000	Phase	
Frequency	3.100 G	 [GHz]	
Roll  	115.000	[deg]	
Ch.	Channel1		
Beam			
Switch			
Dir	0.00	dBi	
Azimuth  [deg]	Amplitude (dB)	Phase [Deg]	
-180.0000	-64.8009	-3.2935	
-175.0000	-70.9156	-24.3189	
-170.0000	-72.2773	-69.0002	
-165.0000	-79.9760	-27.6497	
-160.0000	-71.8993	36.4682	
-155.0000	-71.8744	-2.1456	
-150.0000	-70.8079	-83.0479	
-145.0000	-70.5663	-94.7450	
-140.0000	-68.8864	-75.4253	
-135.0000	-67.5237	-78.5258	
-130.0000	-67.8256	-71.0781	
-125.0000	-69.1141	-74.4550	
-120.0000	-66.4991	-69.7008	
-115.0000	-71.2161	-79.2555	
-110.0000	-69.4760	-66.5464	
-105.0000	-69.0457	-55.4240	
-100.0000	-72.2647	-96.3435	
-95.0000	-74.9211	-10.6536	
-90.0000	-69.5176	-4.9575	
-85.0000	-69.0832	-11.5337	
-80.0000	-67.2731	-7.2448	
-75.0000	-67.0132	-11.1042	
-70.0000	-69.9464	-32.9513	
-65.0000	-72.4011	11.1325	
-60.0000	-70.8690	17.4852	
-55.0000	-69.3387	27.1043	
-50.0000	-72.6625	9.5181	
-45.0000	-75.3241	78.4449	
-40.0000	-72.1183	57.2487	
-35.0000	-76.8547	73.7127	
-30.0000	-71.0148	98.2887	
-25.0000	-69.5965	97.3108	
-20.0000	-68.5710	105.5623	
-15.0000	-67.8798	111.3283	
-10.0000	-66.8795	121.7562	
-5.0000	-65.0041	121.1422	
0.0000	-64.7855	117.5501	
5.0000	-65.2820	119.2493	
10.0000	-64.7244	125.1386	
15.0000	-63.8440	126.9600	
20.0000	-63.3579	124.3312	
25.0000	-63.4090	121.4162	
30.0000	-63.2064	118.7910	
35.0000	-63.9225	118.3564	
40.0000	-64.3702	111.0069	
45.0000	-63.9360	112.4909	
50.0000	-64.7010	107.6890	
55.0000	-63.6511	108.8335	
60.0000	-64.6525	104.5197	
65.0000	-63.7917	102.4035	
70.0000	-64.7932	97.1094	
75.0000	-63.0939	98.9340	
80.0000	-65.1177	91.9224	
85.0000	-64.2696	91.9981	
90.0000	-64.0851	80.0361	
95.0000	-64.7970	80.0455	
100.0000	-64.2923	81.1442	
105.0000	-65.7407	72.2556	
110.0000	-65.4233	64.5623	
115.0000	-64.6550	57.8002	
120.0000	-65.2947	59.1066	
125.0000	-65.7960	41.7038	
130.0000	-64.4838	43.9434	
135.0000	-64.7622	37.6068	
140.0000	-65.1488	35.3518	
145.0000	-64.1549	26.4790	
150.0000	-65.2541	32.1086	
155.0000	-65.2401	17.1567	
160.0000	-64.3578	27.9881	
165.0000	-69.1174	31.4146	
170.0000	-68.1102	-24.4008	
175.0000	-63.4865	-16.0612	
180.0000	-64.8131	-3.2734	
			
			
			
[Side Lobes Table]
			
No.	Rel Ampl	Azimuth  [deg]	Absolute Ampl
1L	-0.70	65.00	-63.79
2L	-0.56	55.00	-63.65
3L	-0.84	45.00	-63.94
1R	-0.99	90.00	-64.09
2R	-1.20	100.00	-64.29
3R	-1.56	115.00	-64.65
		 	
File Name:	uwb_dipole.rff		
			
Polarizat.	0.000	Phase	
Frequency	3.100 G	 [GHz]	
Roll  	120.000	[deg]	
Ch.	Channel1		
Beam			
Switch			
Dir	0.00	dBi	
Azimuth  [deg]	Amplitude (dB)	Phase [Deg]	
-180.0000	-62.6845	-8.3562	
-175.0000	-66.3773	-12.4937	
-170.0000	-69.2824	-48.0461	
-165.0000	-73.8291	-40.2693	
-160.0000	-71.4292	39.4155	
-155.0000	-69.2483	26.0153	
-150.0000	-72.4864	-47.5547	
-145.0000	-71.4584	-93.0195	
-140.0000	-71.3868	-71.8802	
-135.0000	-69.1664	-64.6601	
-130.0000	-70.0569	-53.7242	
-125.0000	-69.2043	-53.7949	
-120.0000	-66.9459	-36.8956	
-115.0000	-67.9413	-62.0097	
-110.0000	-67.0711	-50.6267	
-105.0000	-69.6287	-55.5156	
-100.0000	-69.7308	-69.5328	
-95.0000	-72.1463	-14.3319	
-90.0000	-68.7123	-26.1819	
-85.0000	-70.4865	-21.8030	
-80.0000	-67.5546	7.3106	
-75.0000	-65.9147	-9.4559	
-70.0000	-68.1443	-24.1101	
-65.0000	-71.6156	1.7618	
-60.0000	-69.7015	13.0039	
-55.0000	-70.4332	30.4528	
-50.0000	-69.9712	26.9720	
-45.0000	-76.2839	54.9195	
-40.0000	-71.0856	71.1970	
-35.0000	-73.2042	65.9537	
-30.0000	-70.8324	99.2169	
-25.0000	-68.4536	97.0717	
-20.0000	-67.2948	105.5813	
-15.0000	-66.6789	110.3124	
-10.0000	-65.8695	118.7253	
-5.0000	-64.1517	122.7838	
0.0000	-63.3498	118.2281	
5.0000	-63.6435	117.4792	
10.0000	-63.6103	122.2451	
15.0000	-62.8756	125.9166	
20.0000	-62.2352	125.6727	
25.0000	-62.0715	123.4179	
30.0000	-61.8676	119.6052	
35.0000	-62.0055	119.0618	
40.0000	-62.7205	113.0799	
45.0000	-62.1897	110.2491	
50.0000	-63.0071	110.4584	
55.0000	-62.2907	105.4307	
60.0000	-62.7059	108.1177	
65.0000	-62.4490	99.9147	
70.0000	-63.0932	100.3140	
75.0000	-61.9710	92.9312	
80.0000	-63.3845	97.5836	
85.0000	-62.7680	87.2259	
90.0000	-63.4997	75.5931	
95.0000	-62.7579	79.8425	
100.0000	-62.5472	75.1209	
105.0000	-64.6873	73.9445	
110.0000	-63.6089	62.7573	
115.0000	-63.3641	58.3539	
120.0000	-63.2813	55.9859	
125.0000	-64.5843	48.6833	
130.0000	-63.0156	38.3520	
135.0000	-63.3132	39.8556	
140.0000	-63.5817	36.0335	
145.0000	-63.3199	26.5820	
150.0000	-63.0652	31.3894	
155.0000	-64.2599	20.0553	
160.0000	-62.8221	21.2487	
165.0000	-65.3559	32.2647	
170.0000	-68.5634	-12.0649	
175.0000	-63.0802	-22.1231	
180.0000	-62.6342	-8.2793	
			
			
			
[Side Lobes Table]
			
No.	Rel Ampl	Azimuth  [deg]	Absolute Ampl
1L	-1.48	0.00	-63.35
2L	-9.22	-40.00	-71.09
3L	-8.10	-50.00	-69.97
1R	-0.32	45.00	-62.19
2R	-0.42	55.00	-62.29
3R	-0.58	65.00	-62.45
		 	
File Name:	uwb_dipole.rff		
			
Polarizat.	0.000	Phase	
Frequency	3.100 G	 [GHz]	
Roll  	125.000	[deg]	
Ch.	Channel1		
Beam			
Switch			
Dir	0.00	dBi	
Azimuth  [deg]	Amplitude (dB)	Phase [Deg]	
-180.0000	-62.5034	-9.5094	
-175.0000	-66.0480	-28.2823	
-170.0000	-68.1185	-46.2533	
-165.0000	-72.4021	8.0846	
-160.0000	-66.8591	42.3612	
-155.0000	-68.5812	12.6024	
-150.0000	-73.3036	-52.1025	
-145.0000	-74.9132	-56.1381	
-140.0000	-70.8452	-33.7135	
-135.0000	-69.0922	-27.9640	
-130.0000	-66.9413	-23.3726	
-125.0000	-66.8763	-26.8754	
-120.0000	-64.3947	-41.9311	
-115.0000	-68.4532	-47.5742	
-110.0000	-68.6851	-49.0525	
-105.0000	-67.9871	-27.6319	
-100.0000	-70.0467	-41.3726	
-95.0000	-67.7542	-30.5591	
-90.0000	-70.5307	-32.2068	
-85.0000	-69.9398	8.2307	
-80.0000	-65.6666	0.3721	
-75.0000	-67.7791	-14.0462	
-70.0000	-69.3632	-0.9618	
-65.0000	-69.2663	11.7352	
-60.0000	-70.2330	19.5366	
-55.0000	-69.4665	39.4351	
-50.0000	-71.1641	34.4106	
-45.0000	-72.6346	76.2249	
-40.0000	-70.2042	73.8429	
-35.0000	-71.1120	90.7363	
-30.0000	-67.9472	100.8070	
-25.0000	-66.7997	104.2838	
-20.0000	-65.7651	109.4197	
-15.0000	-65.1491	115.4465	
-10.0000	-63.9221	122.1451	
-5.0000	-62.5031	120.5094	
0.0000	-62.3204	117.3130	
5.0000	-62.6469	119.5127	
10.0000	-62.1939	123.6740	
15.0000	-61.4986	125.2353	
20.0000	-60.9617	124.8007	
25.0000	-60.8841	121.4588	
30.0000	-60.6814	118.7904	
35.0000	-61.0559	116.7966	
40.0000	-61.2013	110.1887	
45.0000	-61.0914	111.4772	
50.0000	-61.7262	104.9923	
55.0000	-60.7600	105.1532	
60.0000	-61.7181	102.4132	
65.0000	-61.0415	98.9091	
70.0000	-61.9110	93.9078	
75.0000	-60.5896	96.5703	
80.0000	-62.4936	89.7797	
85.0000	-62.6219	86.0257	
90.0000	-61.0851	72.6912	
95.0000	-61.9037	76.0689	
100.0000	-62.1470	78.9283	
105.0000	-62.8787	61.7877	
110.0000	-62.3694	58.8252	
115.0000	-61.9462	54.3348	
120.0000	-62.4494	53.0676	
125.0000	-63.1375	37.9753	
130.0000	-61.3294	40.1337	
135.0000	-62.4882	37.1891	
140.0000	-62.4545	30.2740	
145.0000	-61.7330	26.3903	
150.0000	-62.7046	27.5448	
155.0000	-62.2077	17.9335	
160.0000	-62.2669	26.7449	
165.0000	-66.6610	23.1773	
170.0000	-64.6064	-22.4012	
175.0000	-61.3782	-17.3002	
180.0000	-62.7128	-9.9116	
			
			
			
[Side Lobes Table]
			
No.	Rel Ampl	Azimuth  [deg]	Absolute Ampl
1L	-0.45	65.00	-61.04
2L	-0.17	55.00	-60.76
3L	-0.50	45.00	-61.09
1R	-0.50	90.00	-61.09
2R	-1.36	115.00	-61.95
3R	-0.74	130.00	-61.33
		 	
File Name:	uwb_dipole.rff		
			
Polarizat.	0.000	Phase	
Frequency	3.100 G	 [GHz]	
Roll  	130.000	[deg]	
Ch.	Channel1		
Beam			
Switch			
Dir	0.00	dBi	
Azimuth  [deg]	Amplitude (dB)	Phase [Deg]	
-180.0000	-61.0108	-12.8847	
-175.0000	-63.4548	-20.5618	
-170.0000	-65.3888	-39.6490	
-165.0000	-69.7716	-17.5364	
-160.0000	-66.5545	37.8149	
-155.0000	-64.8019	28.7917	
-150.0000	-68.8982	-7.0587	
-145.0000	-72.5273	-19.6171	
-140.0000	-68.6745	-12.8504	
-135.0000	-66.1682	-14.4819	
-130.0000	-64.8457	-16.5283	
-125.0000	-65.0406	-28.3735	
-120.0000	-64.8285	-29.2131	
-115.0000	-68.1707	-46.9796	
-110.0000	-67.5696	-20.0733	
-105.0000	-66.6614	-14.5375	
-100.0000	-65.9288	-44.0754	
-95.0000	-69.0828	-29.6520	
-90.0000	-69.8420	-28.0788	
-85.0000	-69.7396	-5.7914	
-80.0000	-67.3236	5.6987	
-75.0000	-67.7698	-3.6009	
-70.0000	-68.1580	8.0582	
-65.0000	-68.6298	9.2357	
-60.0000	-69.4644	24.6672	
-55.0000	-70.2589	43.1384	
-50.0000	-69.0098	48.0679	
-45.0000	-72.5461	66.4834	
-40.0000	-69.1669	83.2639	
-35.0000	-69.6124	86.5367	
-30.0000	-67.7392	101.3980	
-25.0000	-65.9346	102.6987	
-20.0000	-65.0152	109.1267	
-15.0000	-64.2780	114.5692	
-10.0000	-63.3856	120.3260	
-5.0000	-62.0223	121.5273	
0.0000	-61.4674	118.8526	
5.0000	-61.6340	119.4657	
10.0000	-61.3777	122.6941	
15.0000	-60.8006	125.4827	
20.0000	-60.1940	125.0358	
25.0000	-60.0338	122.6215	
30.0000	-59.8640	118.9067	
35.0000	-59.9197	117.2411	
40.0000	-60.3302	111.3622	
45.0000	-59.8283	109.2820	
50.0000	-60.7455	108.6932	
55.0000	-60.0338	102.0464	
60.0000	-60.5667	104.5436	
65.0000	-60.1290	94.8055	
70.0000	-60.4291	96.2172	
75.0000	-59.7025	90.6739	
80.0000	-61.3810	94.3044	
85.0000	-61.0098	83.1349	
90.0000	-60.7873	68.3493	
95.0000	-60.2811	78.5720	
100.0000	-60.7251	71.1881	
105.0000	-62.2121	63.7635	
110.0000	-61.1062	58.3677	
115.0000	-61.0545	53.7525	
120.0000	-61.1837	50.4403	
125.0000	-62.1208	41.3602	
130.0000	-60.4032	34.6543	
135.0000	-61.4097	39.6441	
140.0000	-61.4763	28.2015	
145.0000	-61.0720	26.5957	
150.0000	-61.3716	27.2948	
155.0000	-61.6418	17.8134	
160.0000	-60.9990	22.4489	
165.0000	-63.9166	27.8589	
170.0000	-65.6807	-14.4349	
175.0000	-61.2551	-21.6664	
180.0000	-60.9973	-13.0036	
			
			
			
[Side Lobes Table]
			
No.	Rel Ampl	Azimuth  [deg]	Absolute Ampl
1L	-0.43	65.00	-60.13
2L	-0.33	55.00	-60.03
3L	-0.13	45.00	-59.83
1R	-0.58	95.00	-60.28
2R	-1.35	115.00	-61.05
3R	-0.70	130.00	-60.40
		 	
File Name:	uwb_dipole.rff		
			
Polarizat.	0.000	Phase	
Frequency	3.100 G	 [GHz]	
Roll  	135.000	[deg]	
Ch.	Channel1		
Beam			
Switch			
Dir	0.00	dBi	
Azimuth  [deg]	Amplitude (dB)	Phase [Deg]	
-180.0000	-61.0631	-15.6208	
-175.0000	-63.1183	-31.3345	
-170.0000	-65.2211	-36.7264	
-165.0000	-67.7722	12.6385	
-160.0000	-63.4886	36.7530	
-155.0000	-63.8473	18.7504	
-150.0000	-67.9492	-7.6044	
-145.0000	-67.2570	-6.0899	
-140.0000	-64.9018	-12.3337	
-135.0000	-63.7902	-16.8092	
-130.0000	-63.9058	-21.3693	
-125.0000	-66.0500	-21.8070	
-120.0000	-66.0733	-22.2372	
-115.0000	-67.3370	-2.3180	
-110.0000	-64.7075	-18.0192	
-105.0000	-64.6913	-26.5041	
-100.0000	-70.5131	-42.0120	
-95.0000	-68.0341	-14.2869	
-90.0000	-69.4702	-20.3205	
-85.0000	-71.0362	7.6131	
-80.0000	-67.2988	13.4240	
-75.0000	-68.6079	15.7557	
-70.0000	-67.4755	13.9998	
-65.0000	-70.2313	26.7073	
-60.0000	-69.1394	34.3291	
-55.0000	-69.2526	59.5396	
-50.0000	-68.8669	59.1370	
-45.0000	-70.0678	86.5848	
-40.0000	-67.5982	90.8180	
-35.0000	-67.5612	97.3520	
-30.0000	-65.6521	105.2899	
-25.0000	-64.5149	108.6106	
-20.0000	-63.7627	112.7615	
-15.0000	-62.9645	118.2649	
-10.0000	-61.8462	122.3292	
-5.0000	-60.9127	120.1388	
0.0000	-60.6739	119.6341	
5.0000	-60.6430	120.7023	
10.0000	-60.2015	123.1366	
15.0000	-59.7276	124.2479	
20.0000	-59.4376	123.0466	
25.0000	-59.3595	120.1654	
30.0000	-59.1106	117.1955	
35.0000	-59.4102	114.8871	
40.0000	-59.3400	109.1479	
45.0000	-59.2699	110.1448	
50.0000	-59.9366	102.0738	
55.0000	-59.0559	102.0324	
60.0000	-59.8515	96.0269	
65.0000	-58.7333	95.1939	
70.0000	-59.7170	92.5938	
75.0000	-59.3021	94.0595	
80.0000	-61.0200	81.3574	
85.0000	-60.2524	77.5096	
90.0000	-58.7091	72.3611	
95.0000	-60.6306	73.5272	
100.0000	-60.3317	68.5771	
105.0000	-60.3265	57.6526	
110.0000	-60.4884	55.2592	
115.0000	-60.1694	50.8260	
120.0000	-60.7359	45.0830	
125.0000	-60.5839	34.4795	
130.0000	-59.7901	40.4389	
135.0000	-61.1303	30.6419	
140.0000	-60.1595	25.5756	
145.0000	-60.3293	26.5582	
150.0000	-61.0461	21.9359	
155.0000	-60.2300	18.1750	
160.0000	-61.2887	27.1091	
165.0000	-65.3058	13.4500	
170.0000	-62.4149	-21.4581	
175.0000	-60.1348	-17.6287	
180.0000	-61.1155	-15.8241	
			
			
			
[Side Lobes Table]
			
No.	Rel Ampl	Azimuth  [deg]	Absolute Ampl
1L	-0.59	75.00	-59.30
2L	-0.02	65.00	-58.73
3L	-0.35	55.00	-59.06
1R	-1.62	105.00	-60.33
2R	-1.46	115.00	-60.17
3R	-1.08	130.00	-59.79
		 	
File Name:	uwb_dipole.rff		
			
Polarizat.	0.000	Phase	
Frequency	3.100 G	 [GHz]	
Roll  	140.000	[deg]	
Ch.	Channel1		
Beam			
Switch			
Dir	0.00	dBi	
Azimuth  [deg]	Amplitude (dB)	Phase [Deg]	
-180.0000	-60.0263	-15.6620	
-175.0000	-61.6094	-25.2748	
-170.0000	-62.8862	-37.1735	
-165.0000	-66.3170	-12.1693	
-160.0000	-63.7752	31.1291	
-155.0000	-61.8457	25.3179	
-150.0000	-64.5063	2.3782	
-145.0000	-66.3064	-3.0353	
-140.0000	-64.3383	-11.4786	
-135.0000	-63.6309	-14.7721	
-130.0000	-63.9559	-16.2915	
-125.0000	-65.3533	-13.6286	
-120.0000	-64.6559	-1.6608	
-115.0000	-64.9768	-6.3905	
-110.0000	-63.2732	-14.2563	
-105.0000	-66.0760	-24.1701	
-100.0000	-68.8460	-30.8673	
-95.0000	-67.6369	-3.6835	
-90.0000	-69.6690	-28.4784	
-85.0000	-72.5139	22.0751	
-80.0000	-67.8145	28.7259	
-75.0000	-68.3313	21.9627	
-70.0000	-66.8640	28.3927	
-65.0000	-70.1983	25.3161	
-60.0000	-67.8153	47.5754	
-55.0000	-70.4516	61.0879	
-50.0000	-66.9755	73.9218	
-45.0000	-69.5044	80.2758	
-40.0000	-66.4292	99.4344	
-35.0000	-65.9624	94.4881	
-30.0000	-65.5403	105.6843	
-25.0000	-63.8874	108.5970	
-20.0000	-63.0102	112.2200	
-15.0000	-62.4141	117.3503	
-10.0000	-61.4404	121.2513	
-5.0000	-60.4524	121.3046	
0.0000	-60.0072	119.1489	
5.0000	-59.9230	119.8137	
10.0000	-59.6395	121.3611	
15.0000	-59.2625	122.8357	
20.0000	-58.9851	122.6222	
25.0000	-58.9586	120.1372	
30.0000	-58.7400	116.3866	
35.0000	-58.7364	115.0127	
40.0000	-58.9633	108.8287	
45.0000	-58.4537	106.4584	
50.0000	-59.3844	104.3024	
55.0000	-58.4286	97.9274	
60.0000	-58.6933	99.2338	
65.0000	-58.1360	92.4508	
70.0000	-58.8548	96.0176	
75.0000	-58.8218	87.9095	
80.0000	-60.4097	83.0795	
85.0000	-58.8799	73.3328	
90.0000	-58.7326	67.0662	
95.0000	-59.2952	74.9974	
100.0000	-59.2102	62.8170	
105.0000	-60.3836	57.5177	
110.0000	-59.3284	53.8822	
115.0000	-59.3096	49.0708	
120.0000	-60.1163	42.7141	
125.0000	-59.8122	36.3576	
130.0000	-59.1142	35.9041	
135.0000	-60.4838	33.0671	
140.0000	-59.5479	23.9064	
145.0000	-59.5746	27.0356	
150.0000	-60.3590	23.9716	
155.0000	-59.9278	16.5167	
160.0000	-60.0027	22.2939	
165.0000	-63.1776	21.6476	
170.0000	-63.2856	-16.5856	
175.0000	-59.9887	-19.8116	
180.0000	-60.0330	-15.5476	
			
			
			
[Side Lobes Table]
			
No.	Rel Ampl	Azimuth  [deg]	Absolute Ampl
1L	-0.29	55.00	-58.43
2L	-0.32	45.00	-58.45
3L	-0.60	35.00	-58.74
1R	-0.69	75.00	-58.82
2R	-0.60	90.00	-58.73
3R	-1.07	100.00	-59.21
		 	
File Name:	uwb_dipole.rff		
			
Polarizat.	0.000	Phase	
Frequency	3.100 G	 [GHz]	
Roll  	145.000	[deg]	
Ch.	Channel1		
Beam			
Switch			
Dir	0.00	dBi	
Azimuth  [deg]	Amplitude (dB)	Phase [Deg]	
-180.0000	-60.0028	-18.6571	
-175.0000	-61.2532	-31.9806	
-170.0000	-62.9960	-33.6066	
-165.0000	-64.9957	8.7205	
-160.0000	-61.4452	31.1494	
-155.0000	-61.4915	16.3701	
-150.0000	-64.7439	2.2906	
-145.0000	-64.8912	-0.4374	
-140.0000	-64.0847	-9.1752	
-135.0000	-63.7904	-8.9624	
-130.0000	-63.8014	-4.2867	
-125.0000	-63.9629	1.1374	
-120.0000	-62.8327	-4.5847	
-115.0000	-64.2046	-9.1222	
-110.0000	-65.5654	-21.4843	
-105.0000	-67.1412	-4.5803	
-100.0000	-69.5642	-8.8089	
-95.0000	-69.6137	-13.7119	
-90.0000	-74.3598	48.0341	
-85.0000	-68.1584	41.2419	
-80.0000	-67.7817	38.1181	
-75.0000	-67.0600	45.6942	
-70.0000	-67.3625	31.8855	
-65.0000	-68.8906	66.2518	
-60.0000	-67.8609	53.3525	
-55.0000	-67.3743	91.6981	
-50.0000	-66.0484	75.2595	
-45.0000	-67.2535	104.0239	
-40.0000	-64.0915	101.8736	
-35.0000	-65.0507	101.2485	
-30.0000	-63.8593	113.0693	
-25.0000	-62.5772	112.9841	
-20.0000	-61.9863	116.6062	
-15.0000	-61.2740	120.2850	
-10.0000	-60.2733	121.5749	
-5.0000	-59.5983	120.1006	
0.0000	-59.3045	119.1522	
5.0000	-59.1872	119.6032	
10.0000	-58.8842	120.6614	
15.0000	-58.6524	121.8541	
20.0000	-58.5641	120.6732	
25.0000	-58.5290	117.0917	
30.0000	-58.3151	114.6015	
35.0000	-58.4749	111.6601	
40.0000	-58.1853	105.4393	
45.0000	-58.1490	106.3031	
50.0000	-58.5758	97.4744	
55.0000	-57.5499	99.1906	
60.0000	-58.1661	94.6458	
65.0000	-57.5736	93.9929	
70.0000	-59.2631	89.8824	
75.0000	-58.4757	85.7590	
80.0000	-59.1788	73.0806	
85.0000	-58.5327	75.1196	
90.0000	-57.7842	68.8479	
95.0000	-59.4475	65.2320	
100.0000	-59.2936	64.1049	
105.0000	-58.7530	48.0579	
110.0000	-58.8876	52.3151	
115.0000	-59.4061	48.4735	
120.0000	-59.0422	36.4129	
125.0000	-59.1652	35.1155	
130.0000	-59.0644	34.2045	
135.0000	-59.6214	24.4395	
140.0000	-58.7251	25.4017	
145.0000	-59.5205	24.9359	
150.0000	-59.9899	18.0485	
155.0000	-59.2549	17.1291	
160.0000	-60.4990	24.1866	
165.0000	-63.8422	4.2245	
170.0000	-61.0214	-19.7445	
175.0000	-59.2382	-16.9122	
180.0000	-60.0922	-19.3870	
			
			
			
[Side Lobes Table]
			
No.	Rel Ampl	Azimuth  [deg]	Absolute Ampl
1L	-0.60	45.00	-58.15
2L	-0.77	30.00	-58.32
3L	-6.54	-40.00	-64.09
1R	-0.02	65.00	-57.57
2R	-0.93	75.00	-58.48
3R	-0.23	90.00	-57.78
		 	
File Name:	uwb_dipole.rff		
			
Polarizat.	0.000	Phase	
Frequency	3.100 G	 [GHz]	
Roll  	150.000	[deg]	
Ch.	Channel1		
Beam			
Switch			
Dir	0.00	dBi	
Azimuth  [deg]	Amplitude (dB)	Phase [Deg]	
-180.0000	-59.1215	-18.4998	
-175.0000	-60.1938	-27.7553	
-170.0000	-61.3313	-35.4319	
-165.0000	-64.2844	-12.0410	
-160.0000	-62.0147	26.1665	
-155.0000	-60.0719	24.4579	
-150.0000	-62.5841	9.8320	
-145.0000	-64.3466	10.8379	
-140.0000	-63.7543	5.1346	
-135.0000	-63.2477	1.6323	
-130.0000	-62.9513	1.3051	
-125.0000	-62.8664	-2.9421	
-120.0000	-63.1075	-1.2791	
-115.0000	-64.6535	-7.4751	
-110.0000	-65.0511	-7.1440	
-105.0000	-67.8550	3.2905	
-100.0000	-68.7723	-8.5323	
-95.0000	-71.7707	28.6823	
-90.0000	-72.4605	55.6056	
-85.0000	-66.8657	50.9157	
-80.0000	-67.2440	58.2132	
-75.0000	-65.7716	52.7319	
-70.0000	-66.5721	44.9604	
-65.0000	-69.5208	73.0086	
-60.0000	-65.5718	70.2503	
-55.0000	-67.9885	96.8340	
-50.0000	-63.5954	89.3900	
-45.0000	-67.0401	97.6712	
-40.0000	-63.5669	110.3564	
-35.0000	-63.3988	98.7387	
-30.0000	-64.0281	109.3148	
-25.0000	-62.0984	116.5727	
-20.0000	-61.3801	116.6595	
-15.0000	-60.8196	120.2836	
-10.0000	-59.9876	121.9940	
-5.0000	-59.3248	121.3519	
0.0000	-58.9617	119.3051	
5.0000	-58.8226	119.3995	
10.0000	-58.5184	120.0704	
15.0000	-58.3251	120.9262	
20.0000	-58.2558	120.3253	
25.0000	-58.3160	117.4241	
30.0000	-58.0929	113.5623	
35.0000	-57.9909	111.2459	
40.0000	-57.9404	105.3943	
45.0000	-57.4385	103.5947	
50.0000	-58.1733	101.1672	
55.0000	-57.2024	96.4767	
60.0000	-57.6734	98.3912	
65.0000	-57.5101	92.2957	
70.0000	-58.7135	92.2649	
75.0000	-58.0812	78.3557	
80.0000	-58.8575	76.1115	
85.0000	-57.6069	70.4732	
90.0000	-57.9160	64.6091	
95.0000	-58.7164	70.5692	
100.0000	-58.3297	57.3027	
105.0000	-58.8042	48.0882	
110.0000	-57.9349	53.8265	
115.0000	-58.9378	45.6280	
120.0000	-58.8313	35.0159	
125.0000	-58.6124	35.7246	
130.0000	-58.5702	30.1987	
135.0000	-59.2732	28.1223	
140.0000	-58.5752	22.6188	
145.0000	-59.0729	25.2650	
150.0000	-59.8561	18.9338	
155.0000	-59.0775	12.7524	
160.0000	-59.3721	20.0579	
165.0000	-62.3807	15.1972	
170.0000	-61.6675	-16.4399	
175.0000	-59.1882	-19.4495	
180.0000	-59.1939	-18.4788	
			
			
			
[Side Lobes Table]
			
No.	Rel Ampl	Azimuth  [deg]	Absolute Ampl
1L	-0.24	45.00	-57.44
2L	-1.05	20.00	-58.26
3L	-6.20	-35.00	-63.40
1R	-0.31	65.00	-57.51
2R	-0.88	75.00	-58.08
3R	-0.40	85.00	-57.61
		 	
File Name:	uwb_dipole.rff		
			
Polarizat.	0.000	Phase	
Frequency	3.100 G	 [GHz]	
Roll  	155.000	[deg]	
Ch.	Channel1		
Beam			
Switch			
Dir	0.00	dBi	
Azimuth  [deg]	Amplitude (dB)	Phase [Deg]	
-180.0000	-59.0108	-22.4224	
-175.0000	-59.8470	-32.4788	
-170.0000	-61.7197	-31.9727	
-165.0000	-63.5508	6.6769	
-160.0000	-60.0722	27.7581	
-155.0000	-59.5825	20.7103	
-150.0000	-62.1142	16.8203	
-145.0000	-62.1278	17.5998	
-140.0000	-62.2586	9.7399	
-135.0000	-62.1676	1.9025	
-130.0000	-62.8730	1.7651	
-125.0000	-64.1884	2.9729	
-120.0000	-64.0331	6.9882	
-115.0000	-65.1181	7.6124	
-110.0000	-67.8477	-1.3351	
-105.0000	-68.4105	25.9996	
-100.0000	-72.6763	55.4057	
-95.0000	-67.3988	55.3249	
-90.0000	-66.4702	71.7798	
-85.0000	-65.5632	63.0204	
-80.0000	-64.1886	62.8331	
-75.0000	-65.9616	58.8049	
-70.0000	-67.4236	67.9296	
-65.0000	-64.8510	89.6621	
-60.0000	-66.4691	79.2977	
-55.0000	-62.8193	105.7198	
-50.0000	-63.5585	86.6355	
-45.0000	-63.9933	115.5818	
-40.0000	-61.5320	106.7722	
-35.0000	-63.0583	106.4719	
-30.0000	-61.9243	118.3105	
-25.0000	-60.9292	118.3664	
-20.0000	-60.5590	119.4340	
-15.0000	-59.8651	122.0172	
-10.0000	-59.1813	122.0997	
-5.0000	-58.7444	120.0577	
0.0000	-58.5044	119.5658	
5.0000	-58.3311	119.1418	
10.0000	-58.0957	119.2858	
15.0000	-57.9563	119.5713	
20.0000	-58.0000	118.7453	
25.0000	-57.9742	114.2980	
30.0000	-57.6606	110.6120	
35.0000	-57.5779	108.1412	
40.0000	-57.2908	103.9307	
45.0000	-57.2386	104.6529	
50.0000	-57.6213	97.2437	
55.0000	-56.9227	98.5089	
60.0000	-58.0679	92.8347	
65.0000	-57.4936	91.2695	
70.0000	-58.8390	81.3239	
75.0000	-57.4410	80.1823	
80.0000	-58.1266	69.6861	
85.0000	-57.6645	72.0019	
90.0000	-57.4549	67.7729	
95.0000	-59.1717	57.1637	
100.0000	-57.9645	55.4803	
105.0000	-57.4264	50.3535	
110.0000	-59.1175	49.4345	
115.0000	-58.4495	39.6734	
120.0000	-58.1812	36.3288	
125.0000	-58.8548	30.5895	
130.0000	-58.1192	30.4429	
135.0000	-59.0252	24.1613	
140.0000	-58.5229	21.8830	
145.0000	-59.4346	21.2206	
150.0000	-59.3077	12.4251	
155.0000	-58.4129	14.9095	
160.0000	-60.1345	21.3423	
165.0000	-62.6479	1.1430	
170.0000	-60.1037	-19.3282	
175.0000	-58.6817	-19.0707	
180.0000	-59.0302	-22.4202	
			
			
			
[Side Lobes Table]
			
No.	Rel Ampl	Azimuth  [deg]	Absolute Ampl
1L	-0.32	45.00	-57.24
2L	-1.03	15.00	-57.96
3L	-4.61	-40.00	-61.53
1R	-0.57	65.00	-57.49
2R	-0.52	75.00	-57.44
3R	-0.53	90.00	-57.45
		 	
File Name:	uwb_dipole.rff		
			
Polarizat.	0.000	Phase	
Frequency	3.100 G	 [GHz]	
Roll  	160.000	[deg]	
Ch.	Channel1		
Beam			
Switch			
Dir	0.00	dBi	
Azimuth  [deg]	Amplitude (dB)	Phase [Deg]	
-180.0000	-58.5261	-21.9168	
-175.0000	-59.1086	-29.3783	
-170.0000	-60.2531	-34.5873	
-165.0000	-63.2091	-13.1500	
-160.0000	-60.9439	23.2954	
-155.0000	-58.4776	24.6862	
-150.0000	-59.6051	17.2728	
-145.0000	-60.3471	20.0399	
-140.0000	-60.8954	10.7568	
-135.0000	-61.9493	7.7415	
-130.0000	-63.6839	8.9358	
-125.0000	-63.6171	14.9913	
-120.0000	-63.4009	21.2135	
-115.0000	-64.6243	10.0332	
-110.0000	-67.9735	21.8710	
-105.0000	-66.9192	58.9462	
-100.0000	-67.6608	52.3484	
-95.0000	-64.3102	72.4158	
-90.0000	-64.8679	73.8209	
-85.0000	-63.0046	67.7087	
-80.0000	-63.5126	69.8713	
-75.0000	-64.7927	65.1404	
-70.0000	-64.9288	79.1389	
-65.0000	-64.5162	95.1242	
-60.0000	-63.6332	84.7772	
-55.0000	-63.1867	112.1861	
-50.0000	-61.0821	94.2178	
-45.0000	-64.4239	110.7369	
-40.0000	-60.5493	114.1227	
-35.0000	-61.4286	103.4975	
-30.0000	-61.9249	118.1515	
-25.0000	-60.4718	118.9260	
-20.0000	-60.0261	119.8235	
-15.0000	-59.5974	121.7975	
-10.0000	-59.0150	122.6329	
-5.0000	-58.5055	121.0784	
0.0000	-58.2695	119.7581	
5.0000	-58.1622	119.4149	
10.0000	-57.8648	119.0056	
15.0000	-57.7562	118.8113	
20.0000	-57.7141	117.8606	
25.0000	-57.8459	114.1783	
30.0000	-57.5398	109.4129	
35.0000	-57.2096	108.7130	
40.0000	-57.1620	104.5186	
45.0000	-56.9516	103.9810	
50.0000	-57.8856	101.0991	
55.0000	-57.1235	95.5364	
60.0000	-57.8918	96.4324	
65.0000	-57.5000	86.8092	
70.0000	-58.5240	85.9443	
75.0000	-57.2311	73.8433	
80.0000	-58.1856	72.2819	
85.0000	-57.0206	68.6385	
90.0000	-58.0530	62.9926	
95.0000	-58.9576	60.5377	
100.0000	-57.0238	51.7101	
105.0000	-58.3322	49.5471	
110.0000	-58.4133	49.1090	
115.0000	-57.9539	37.8236	
120.0000	-58.3318	34.2283	
125.0000	-58.5110	31.1599	
130.0000	-57.8088	26.8946	
135.0000	-59.0387	28.3910	
140.0000	-58.8073	19.0750	
145.0000	-59.1031	18.9507	
150.0000	-59.2235	11.2210	
155.0000	-58.2203	9.9145	
160.0000	-58.9471	18.9904	
165.0000	-61.7451	11.8901	
170.0000	-60.9663	-15.7702	
175.0000	-58.8982	-20.3990	
180.0000	-58.5242	-21.7893	
			
			
			
[Side Lobes Table]
			
No.	Rel Ampl	Azimuth  [deg]	Absolute Ampl
1L	-0.76	20.00	-57.71
2L	-3.60	-40.00	-60.55
3L	-4.13	-50.00	-61.08
1R	-0.17	55.00	-57.12
2R	-0.55	65.00	-57.50
3R	-0.28	75.00	-57.23
		 	
File Name:	uwb_dipole.rff		
			
Polarizat.	0.000	Phase	
Frequency	3.100 G	 [GHz]	
Roll  	165.000	[deg]	
Ch.	Channel1		
Beam			
Switch			
Dir	0.00	dBi	
Azimuth  [deg]	Amplitude (dB)	Phase [Deg]	
-180.0000	-58.4417	-25.1005	
-175.0000	-59.0642	-33.1650	
-170.0000	-60.9720	-32.3434	
-165.0000	-62.7997	3.7419	
-160.0000	-58.9693	25.7141	
-155.0000	-57.5487	20.7432	
-150.0000	-58.6851	17.4929	
-145.0000	-59.3274	15.8701	
-140.0000	-61.3656	11.6007	
-135.0000	-62.6405	17.7580	
-130.0000	-62.4870	31.2787	
-125.0000	-62.3416	26.1010	
-120.0000	-63.3898	24.4528	
-115.0000	-66.7100	44.1305	
-110.0000	-64.6459	61.0270	
-105.0000	-63.0544	58.5360	
-100.0000	-64.3465	82.2029	
-95.0000	-61.1312	69.4301	
-90.0000	-62.2114	74.1638	
-85.0000	-62.7542	72.1709	
-80.0000	-62.5656	74.2946	
-75.0000	-63.9504	87.7017	
-70.0000	-63.2022	91.0055	
-65.0000	-61.6699	102.1078	
-60.0000	-63.1924	97.8526	
-55.0000	-60.0633	110.2589	
-50.0000	-62.1072	93.9340	
-45.0000	-61.2826	121.5540	
-40.0000	-59.5951	109.8140	
-35.0000	-61.6064	111.5302	
-30.0000	-60.3781	123.1832	
-25.0000	-59.5403	121.7322	
-20.0000	-59.3005	122.1331	
-15.0000	-58.8994	123.0748	
-10.0000	-58.4348	122.5005	
-5.0000	-58.1458	120.5664	
0.0000	-57.9389	119.5750	
5.0000	-57.8032	118.6832	
10.0000	-57.5971	118.1860	
15.0000	-57.4782	117.6452	
20.0000	-57.5739	116.3997	
25.0000	-57.5279	111.8559	
30.0000	-57.1353	109.1220	
35.0000	-57.1158	108.5069	
40.0000	-57.2045	105.7747	
45.0000	-57.5480	104.8930	
50.0000	-57.9418	94.4608	
55.0000	-57.0866	94.9067	
60.0000	-58.3998	88.6857	
65.0000	-57.5516	85.3412	
70.0000	-58.6613	73.6092	
75.0000	-56.7461	76.8234	
80.0000	-57.9875	69.3862	
85.0000	-58.0625	70.2966	
90.0000	-57.8808	60.1290	
95.0000	-58.2589	50.3372	
100.0000	-58.0478	58.7197	
105.0000	-57.9049	43.6753	
110.0000	-58.7353	41.5265	
115.0000	-58.2242	38.5499	
120.0000	-58.1474	31.3119	
125.0000	-58.4085	28.5182	
130.0000	-58.2992	30.2034	
135.0000	-59.7106	19.5060	
140.0000	-58.6961	13.9296	
145.0000	-58.8782	13.0654	
150.0000	-58.5071	8.8456	
155.0000	-58.0881	14.5844	
160.0000	-59.9188	18.7090	
165.0000	-61.8752	-0.1172	
170.0000	-59.7993	-18.6051	
175.0000	-58.4674	-20.9701	
180.0000	-58.4385	-25.3977	
			
			
			
[Side Lobes Table]
			
No.	Rel Ampl	Azimuth  [deg]	Absolute Ampl
1L	-0.81	65.00	-57.55
2L	-0.34	55.00	-57.09
3L	-0.37	35.00	-57.12
1R	-1.13	90.00	-57.88
2R	-1.16	105.00	-57.90
3R	-1.40	120.00	-58.15
		 	
File Name:	uwb_dipole.rff		
			
Polarizat.	0.000	Phase	
Frequency	3.100 G	 [GHz]	
Roll  	170.000	[deg]	
Ch.	Channel1		
Beam			
Switch			
Dir	0.00	dBi	
Azimuth  [deg]	Amplitude (dB)	Phase [Deg]	
-180.0000	-58.2914	-24.8035	
-175.0000	-58.5784	-31.3236	
-170.0000	-59.7969	-35.2749	
-165.0000	-62.6418	-17.8380	
-160.0000	-60.2375	20.3299	
-155.0000	-57.1768	20.4012	
-150.0000	-57.4330	12.2898	
-145.0000	-58.4701	12.7774	
-140.0000	-60.5022	12.8486	
-135.0000	-61.1334	27.2283	
-130.0000	-60.9488	33.5585	
-125.0000	-60.6885	28.4800	
-120.0000	-62.8814	35.7402	
-115.0000	-63.5367	48.9442	
-110.0000	-61.7862	58.1785	
-105.0000	-61.8718	63.4136	
-100.0000	-62.8009	72.6169	
-95.0000	-59.1828	73.0924	
-90.0000	-62.1359	67.9004	
-85.0000	-61.1266	78.5911	
-80.0000	-61.3622	79.9986	
-75.0000	-63.0424	87.9683	
-70.0000	-60.7973	94.5221	
-65.0000	-61.3569	101.8400	
-60.0000	-60.6950	95.8344	
-55.0000	-60.3675	114.0394	
-50.0000	-59.5349	100.3345	
-45.0000	-61.7549	118.4224	
-40.0000	-58.6744	115.5006	
-35.0000	-60.2648	106.9644	
-30.0000	-60.4662	123.7839	
-25.0000	-59.0158	123.0107	
-20.0000	-58.8006	121.5000	
-15.0000	-58.6329	122.6655	
-10.0000	-58.3292	123.3845	
-5.0000	-57.9678	121.8520	
0.0000	-57.8536	119.9880	
5.0000	-57.7827	119.0195	
10.0000	-57.5071	118.2649	
15.0000	-57.4050	117.7700	
20.0000	-57.4276	116.6036	
25.0000	-57.5340	113.4741	
30.0000	-57.2867	110.0834	
35.0000	-57.2368	110.3410	
40.0000	-57.5391	106.3719	
45.0000	-57.6259	103.3840	
50.0000	-58.4141	97.1964	
55.0000	-57.2939	92.0177	
60.0000	-58.3637	93.8078	
65.0000	-58.0028	80.4955	
70.0000	-58.4494	78.5702	
75.0000	-56.8018	72.1408	
80.0000	-58.6871	75.1480	
85.0000	-58.0347	65.3452	
90.0000	-58.4533	55.8626	
95.0000	-58.8540	55.2873	
100.0000	-57.1507	50.7235	
105.0000	-59.0468	43.0029	
110.0000	-58.4185	44.4355	
115.0000	-58.2067	34.7536	
120.0000	-58.4218	29.4911	
125.0000	-58.4239	31.1585	
130.0000	-58.6776	25.5764	
135.0000	-60.0410	21.5008	
140.0000	-58.8404	8.7281	
145.0000	-58.3809	12.9174	
150.0000	-58.6557	10.4138	
155.0000	-58.1222	11.4886	
160.0000	-58.8756	16.7902	
165.0000	-61.1611	9.8736	
170.0000	-60.7275	-13.8201	
175.0000	-58.8918	-20.8163	
180.0000	-58.2725	-24.6893	
			
			
			
[Side Lobes Table]
			
No.	Rel Ampl	Azimuth  [deg]	Absolute Ampl
1L	-1.20	65.00	-58.00
2L	-0.49	55.00	-57.29
3L	-0.43	35.00	-57.24
1R	-1.23	85.00	-58.03
2R	-0.35	100.00	-57.15
3R	-1.40	115.00	-58.21
		 	
File Name:	uwb_dipole.rff		
			
Polarizat.	0.000	Phase	
Frequency	3.100 G	 [GHz]	
Roll  	175.000	[deg]	
Ch.	Channel1		
Beam			
Switch			
Dir	0.00	dBi	
Azimuth  [deg]	Amplitude (dB)	Phase [Deg]	
-180.0000	-58.2297	-28.0389	
-175.0000	-58.8006	-34.4526	
-170.0000	-60.9531	-32.0849	
-165.0000	-62.4831	3.0776	
-160.0000	-58.4342	20.2341	
-155.0000	-56.7181	13.2217	
-150.0000	-57.7573	9.1642	
-145.0000	-58.9244	12.4808	
-140.0000	-60.1194	23.3384	
-135.0000	-59.5747	27.7936	
-130.0000	-59.7641	32.9532	
-125.0000	-61.5338	33.4106	
-120.0000	-61.1607	50.5223	
-115.0000	-61.0699	56.9383	
-110.0000	-61.1538	59.1624	
-105.0000	-60.1606	69.6105	
-100.0000	-59.6309	75.0114	
-95.0000	-59.7064	63.1210	
-90.0000	-60.7398	87.2121	
-85.0000	-60.1668	77.8711	
-80.0000	-61.3384	87.7328	
-75.0000	-59.9868	103.7567	
-70.0000	-60.0895	92.1936	
-65.0000	-59.5703	108.2483	
-60.0000	-60.1968	103.0838	
-55.0000	-58.5004	109.8996	
-50.0000	-60.3952	103.1014	
-45.0000	-59.1423	122.4624	
-40.0000	-58.4255	110.8337	
-35.0000	-60.4409	116.5576	
-30.0000	-58.9408	126.6879	
-25.0000	-58.3178	123.7741	
-20.0000	-58.3812	122.0478	
-15.0000	-58.1948	123.6131	
-10.0000	-57.9337	123.0761	
-5.0000	-57.7916	120.7325	
0.0000	-57.7084	119.1682	
5.0000	-57.6003	118.0077	
10.0000	-57.4514	117.0609	
15.0000	-57.3985	116.5747	
20.0000	-57.5008	115.0439	
25.0000	-57.5964	112.6024	
30.0000	-57.5438	110.0532	
35.0000	-57.8383	108.6463	
40.0000	-58.0776	103.8514	
45.0000	-58.3140	100.4520	
50.0000	-58.3609	90.6966	
55.0000	-57.7659	92.8842	
60.0000	-59.3828	82.2205	
65.0000	-57.6192	78.6887	
70.0000	-58.4518	74.1884	
75.0000	-57.7920	80.3616	
80.0000	-59.8232	63.0499	
85.0000	-58.8369	62.0097	
90.0000	-58.3240	54.8155	
95.0000	-58.4275	46.0331	
100.0000	-58.9038	58.2340	
105.0000	-58.6566	38.2118	
110.0000	-59.2788	35.5183	
115.0000	-58.5215	35.3595	
120.0000	-58.6438	30.0545	
125.0000	-59.9221	27.1319	
130.0000	-59.5245	19.8628	
135.0000	-59.6399	6.9245	
140.0000	-57.7929	8.8476	
145.0000	-58.6158	15.3254	
150.0000	-59.0484	9.1709	
155.0000	-58.3644	11.0821	
160.0000	-59.5581	15.6786	
165.0000	-61.4603	2.4092	
170.0000	-60.1064	-17.6251	
175.0000	-58.6569	-23.4584	
180.0000	-58.2222	-28.0532	
			
			
			
[Side Lobes Table]
			
No.	Rel Ampl	Azimuth  [deg]	Absolute Ampl
1R	-2.86	-135.00	-59.57
2R	-4.35	-115.00	-61.07
3R	-2.91	-100.00	-59.63
		 	
File Name:	uwb_dipole.rff		
			
Polarizat.	0.000	Phase	
Frequency	3.100 G	 [GHz]	
Roll  	180.000	[deg]	
Ch.	Channel1		
Beam			
Switch			
Dir	0.00	dBi	
Azimuth  [deg]	Amplitude (dB)	Phase [Deg]	
-180.0000	-58.2636	-27.6113	
-175.0000	-58.4067	-33.2743	
-170.0000	-59.9679	-35.6078	
-165.0000	-62.9900	-16.4951	
-160.0000	-60.1362	16.5369	
-155.0000	-57.1798	14.1520	
-150.0000	-57.5624	5.9532	
-145.0000	-58.4660	10.1114	
-140.0000	-59.4896	17.6179	
-135.0000	-59.2260	25.8316	
-130.0000	-59.8037	32.2410	
-125.0000	-59.7944	33.3610	
-120.0000	-60.7364	50.5628	
-115.0000	-60.2530	53.2214	
-110.0000	-59.8362	61.4549	
-105.0000	-59.2593	68.9771	
-100.0000	-59.5055	70.5479	
-95.0000	-58.4970	71.6817	
-90.0000	-60.3413	82.8079	
-85.0000	-58.7481	82.1965	
-80.0000	-60.0482	91.3861	
-75.0000	-59.2532	99.6908	
-70.0000	-58.4394	93.5456	
-65.0000	-59.6430	107.9514	
-60.0000	-58.1394	101.8497	
-55.0000	-58.9437	110.3216	
-50.0000	-58.6434	104.4659	
-45.0000	-59.8641	120.1847	
-40.0000	-57.5822	114.7334	
-35.0000	-59.4287	111.3873	
-30.0000	-59.0394	128.0676	
-25.0000	-57.8664	124.3344	
-20.0000	-57.9942	122.0354	
-15.0000	-58.0718	123.1664	
-10.0000	-57.8709	123.1453	
-5.0000	-57.7066	121.9429	
0.0000	-57.6615	119.6352	
5.0000	-57.6549	118.0693	
10.0000	-57.5524	117.1048	
15.0000	-57.4872	116.6974	
20.0000	-57.6237	116.1581	
25.0000	-57.9550	114.3118	
30.0000	-58.0979	110.6211	
35.0000	-58.2917	107.8898	
40.0000	-58.5480	103.3129	
45.0000	-58.4984	99.4781	
50.0000	-59.2879	93.5242	
55.0000	-58.3280	89.0404	
60.0000	-59.5551	88.1255	
65.0000	-58.2609	76.0326	
70.0000	-58.9700	81.6265	
75.0000	-58.7674	71.6294	
80.0000	-61.3712	65.7655	
85.0000	-58.7616	54.0468	
90.0000	-59.0485	51.3153	
95.0000	-59.4142	52.9646	
100.0000	-58.4761	53.3743	
105.0000	-60.8595	30.8342	
110.0000	-58.8164	37.3067	
115.0000	-58.7636	33.1178	
120.0000	-60.0621	27.7425	
125.0000	-60.2980	25.9877	
130.0000	-59.9939	10.3287	
135.0000	-59.5253	9.0221	
140.0000	-57.9578	8.5931	
145.0000	-58.7085	20.0434	
150.0000	-60.3775	10.8813	
155.0000	-58.8967	3.4098	
160.0000	-58.7568	13.4574	
165.0000	-60.9533	11.7397	
170.0000	-61.3263	-11.8624	
175.0000	-59.3565	-23.3715	
180.0000	-58.2708	-27.5153	
			
			
			
[Side Lobes Table]
			
No.	Rel Ampl	Azimuth  [deg]	Absolute Ampl
1R	-2.05	-135.00	-59.23
2R	-2.61	-125.00	-59.79
3R	-2.08	-105.00	-59.26
		 	



[Statistics Table]
		Polarizat.	Freq.	Roll  	Ch.	Beam	Switch	Beam Peak [dB]		 	Beam Width [deg]		 	Null Depth [dB]		 				
File Name		[deg]	 [GHz]	[deg]				Value	[deg]		Value	At dB		Value	[deg]				 	 
uwb_dipole.rff		0.000	3.100 G	0.000	Channel1			-57.65	155.00	P	37.39	3.00	P				0.00			
uwb_dipole.rff		0.000	3.100 G	5.000	Channel1			-57.64	75.00	P	166.06	3.00	P				0.00			
uwb_dipole.rff		0.000	3.100 G	10.000	Channel1			-57.70	15.00	P	171.04	3.00	P				0.00			
uwb_dipole.rff		0.000	3.100 G	15.000	Channel1			-56.96	75.00	P	151.61	3.00	P				0.00			
uwb_dipole.rff		0.000	3.100 G	20.000	Channel1			-57.10	110.00	P	158.74	3.00	P				0.00			
uwb_dipole.rff		0.000	3.100 G	25.000	Channel1			-57.17	85.00	P	169.93	3.00	P				0.00			
uwb_dipole.rff		0.000	3.100 G	30.000	Channel1			-57.31	110.00	P	166.89	3.00	P				0.00			
uwb_dipole.rff		0.000	3.100 G	35.000	Channel1			-58.25	55.00	P	171.60	3.00	P				0.00			
uwb_dipole.rff		0.000	3.100 G	40.000	Channel1			-58.28	125.00	P	148.85	3.00	P				0.00			
uwb_dipole.rff		0.000	3.100 G	45.000	Channel1			-58.86	100.00	P	146.84	3.00	P				0.00			
uwb_dipole.rff		0.000	3.100 G	50.000	Channel1			-59.99	40.00	P	149.53	3.00	P				0.00			
uwb_dipole.rff		0.000	3.100 G	55.000	Channel1			-60.77	35.00	P	97.11	3.00	P				0.00			
uwb_dipole.rff		0.000	3.100 G	60.000	Channel1			-61.83	40.00	P	102.82	3.00	P				0.00			
uwb_dipole.rff		0.000	3.100 G	65.000	Channel1			-63.06	10.00	P	78.49	3.00	P				0.00			
uwb_dipole.rff		0.000	3.100 G	70.000	Channel1			-64.33	-170.00	P	14.31	3.00	P				0.00			
uwb_dipole.rff		0.000	3.100 G	75.000	Channel1			-65.23	-175.00	P	N/A	3.00	P				0.00			
uwb_dipole.rff		0.000	3.100 G	80.000	Channel1			-66.99	-170.00	P	13.58	3.00	P				0.00			
uwb_dipole.rff		0.000	3.100 G	85.000	Channel1			-68.37	-175.00	P	N/A	3.00	P				0.00			
uwb_dipole.rff		0.000	3.100 G	90.000	Channel1			-68.38	-95.00	P	17.10	3.00	P				0.00			
uwb_dipole.rff		0.000	3.100 G	95.000	Channel1			-67.93	-95.00	P	19.43	3.00	P				0.00			
uwb_dipole.rff		0.000	3.100 G	100.000	Channel1			-66.86	-115.00	P	10.96	3.00	P				0.00			
uwb_dipole.rff		0.000	3.100 G	105.000	Channel1			-65.36	-120.00	P	13.21	3.00	P				0.00			
uwb_dipole.rff		0.000	3.100 G	110.000	Channel1			-64.84	-180.00	P	N/A	3.00	P				0.00			
uwb_dipole.rff		0.000	3.100 G	115.000	Channel1			-63.09	75.00	P	169.73	3.00	P				0.00			
uwb_dipole.rff		0.000	3.100 G	120.000	Channel1			-61.87	30.00	P	171.12	3.00	P				0.00			
uwb_dipole.rff		0.000	3.100 G	125.000	Channel1			-60.59	75.00	P	170.33	3.00	P				0.00			
uwb_dipole.rff		0.000	3.100 G	130.000	Channel1			-59.70	75.00	P	170.41	3.00	P				0.00			
uwb_dipole.rff		0.000	3.100 G	135.000	Channel1			-58.71	90.00	P	169.79	3.00	P				0.00			
uwb_dipole.rff		0.000	3.100 G	140.000	Channel1			-58.14	65.00	P	170.24	3.00	P				0.00			
uwb_dipole.rff		0.000	3.100 G	145.000	Channel1			-57.55	55.00	P	171.46	3.00	P				0.00			
uwb_dipole.rff		0.000	3.100 G	150.000	Channel1			-57.20	55.00	P	172.67	3.00	P				0.00			
uwb_dipole.rff		0.000	3.100 G	155.000	Channel1			-56.92	55.00	P	174.80	3.00	P				0.00			
uwb_dipole.rff		0.000	3.100 G	160.000	Channel1			-56.95	45.00	P	180.93	3.00	P				0.00			
uwb_dipole.rff		0.000	3.100 G	165.000	Channel1			-56.75	75.00	P	185.76	3.00	P				0.00			
uwb_dipole.rff		0.000	3.100 G	170.000	Channel1			-56.80	75.00	P	161.83	3.00	P				0.00			
uwb_dipole.rff		0.000	3.100 G	175.000	Channel1			-56.72	-155.00	P	19.91	3.00	P				0.00			
uwb_dipole.rff		0.000	3.100 G	180.000	Channel1			-57.18	-155.00	P	37.12	3.00	P				0.00			



[Database Table]
First Question	
2nd	
3rd	
4th	
