File Name:	uwb_dipole.rff		
			
Polarizat.	0.000	Phase	
Frequency	4.000 G	 [GHz]	
Roll  	0.000	[deg]	
Ch.	Channel1		
Beam			
Switch			
Dir	0.00	dBi	
Azimuth  [deg]	Amplitude (dB)	Phase [Deg]	
-180.0000	-62.4401	-119.2551	
-175.0000	-64.0561	-117.2548	
-170.0000	-66.0920	-94.0384	
-165.0000	-63.0636	-73.0655	
-160.0000	-61.8887	-81.6861	
-155.0000	-63.2032	-78.4118	
-150.0000	-62.4948	-75.4452	
-145.0000	-63.5676	-71.5455	
-140.0000	-63.1933	-68.8407	
-135.0000	-63.6217	-67.1072	
-130.0000	-64.2897	-58.5050	
-125.0000	-64.4340	-53.5868	
-120.0000	-63.9198	-41.0350	
-115.0000	-64.4518	-49.9444	
-110.0000	-63.9272	-38.9720	
-105.0000	-64.1125	-21.1158	
-100.0000	-64.6524	-20.4486	
-95.0000	-65.3048	-17.3614	
-90.0000	-64.1668	-12.1914	
-85.0000	-64.4732	1.1666	
-80.0000	-64.3512	-0.8098	
-75.0000	-64.3179	8.2807	
-70.0000	-64.3202	21.0660	
-65.0000	-64.9815	9.7289	
-60.0000	-63.2197	25.2703	
-55.0000	-64.5879	26.5410	
-50.0000	-64.1561	29.1003	
-45.0000	-63.7231	37.9539	
-40.0000	-63.8981	40.3914	
-35.0000	-62.8613	43.7402	
-30.0000	-63.8688	41.2764	
-25.0000	-63.4376	52.8561	
-20.0000	-62.8516	49.1435	
-15.0000	-64.0746	52.0741	
-10.0000	-64.0553	63.4834	
-5.0000	-63.1030	70.0326	
0.0000	-62.7331	70.3712	
5.0000	-63.0396	68.7376	
10.0000	-63.8929	64.3059	
15.0000	-64.3514	54.7820	
20.0000	-63.0922	49.4165	
25.0000	-62.8990	53.7940	
30.0000	-63.7220	50.8426	
35.0000	-63.0343	50.7048	
40.0000	-64.7813	49.5226	
45.0000	-63.3825	40.0523	
50.0000	-64.3853	43.5698	
55.0000	-64.8111	33.5188	
60.0000	-63.2584	32.3898	
65.0000	-65.9881	21.8747	
70.0000	-63.6515	28.3802	
75.0000	-63.3529	14.0083	
80.0000	-64.5345	8.3848	
85.0000	-65.0416	12.5659	
90.0000	-63.8272	-0.9131	
95.0000	-64.8265	-2.8484	
100.0000	-64.0895	-9.7905	
105.0000	-63.8118	-15.3758	
110.0000	-62.7808	-33.4432	
115.0000	-65.8748	-33.0432	
120.0000	-64.4004	-31.9593	
125.0000	-63.5775	-42.3813	
130.0000	-64.5489	-53.1874	
135.0000	-63.8326	-63.4195	
140.0000	-63.3962	-57.3259	
145.0000	-64.0376	-73.4445	
150.0000	-62.2416	-71.0239	
155.0000	-62.9391	-77.0703	
160.0000	-61.3690	-76.2463	
165.0000	-62.8066	-67.3083	
170.0000	-65.7456	-89.5954	
175.0000	-63.7177	-114.0031	
180.0000	-62.5264	-119.7631	
			
			
			
[Side Lobes Table]
			
No.	Rel Ampl	Azimuth  [deg]	Absolute Ampl
1L	-0.87	150.00	-62.24
2L	-2.03	140.00	-63.40
3L	-2.21	125.00	-63.58
		 	
File Name:	uwb_dipole.rff		
			
Polarizat.	0.000	Phase	
Frequency	4.000 G	 [GHz]	
Roll  	5.000	[deg]	
Ch.	Channel1		
Beam			
Switch			
Dir	0.00	dBi	
Azimuth  [deg]	Amplitude (dB)	Phase [Deg]	
-180.0000	-62.7388	-117.9544	
-175.0000	-63.2415	-120.1006	
-170.0000	-65.8904	-109.0600	
-165.0000	-65.2923	-76.7457	
-160.0000	-62.1209	-77.9120	
-155.0000	-62.9465	-83.5630	
-150.0000	-62.9050	-76.0169	
-145.0000	-63.7793	-81.8223	
-140.0000	-64.0374	-70.9930	
-135.0000	-63.7716	-68.5273	
-130.0000	-64.3837	-69.7746	
-125.0000	-64.8652	-65.2151	
-120.0000	-65.8054	-52.3661	
-115.0000	-64.4510	-50.5745	
-110.0000	-64.2131	-38.0183	
-105.0000	-66.9118	-47.3380	
-100.0000	-65.9717	-29.8984	
-95.0000	-64.9688	-31.0698	
-90.0000	-65.0072	-11.5358	
-85.0000	-66.2565	-13.6479	
-80.0000	-65.5969	-3.3366	
-75.0000	-64.9115	1.4770	
-70.0000	-66.7601	-1.3711	
-65.0000	-64.0529	5.3928	
-60.0000	-65.7867	23.1770	
-55.0000	-65.2127	12.0678	
-50.0000	-64.2849	25.8136	
-45.0000	-64.8848	26.7672	
-40.0000	-64.6643	31.1448	
-35.0000	-64.0154	43.3574	
-30.0000	-63.2546	35.4570	
-25.0000	-64.1636	42.8375	
-20.0000	-63.2204	47.3605	
-15.0000	-63.9672	46.0572	
-10.0000	-64.5997	56.1337	
-5.0000	-63.7974	66.4229	
0.0000	-62.8049	68.8042	
5.0000	-62.8375	69.4515	
10.0000	-63.5162	67.4759	
15.0000	-64.2090	60.9735	
20.0000	-63.4982	51.3999	
25.0000	-62.4541	55.3560	
30.0000	-63.2000	56.4670	
35.0000	-62.8135	51.2081	
40.0000	-63.3739	57.8341	
45.0000	-63.7819	42.4383	
50.0000	-62.9309	47.5314	
55.0000	-64.0603	46.6276	
60.0000	-63.5640	32.8271	
65.0000	-63.8205	42.3737	
70.0000	-62.8371	25.2985	
75.0000	-64.4413	18.9814	
80.0000	-64.0786	21.9315	
85.0000	-62.4398	16.3829	
90.0000	-63.6404	2.0926	
95.0000	-63.2064	2.7340	
100.0000	-63.4719	-7.7426	
105.0000	-62.8826	-11.3138	
110.0000	-65.2014	-19.5252	
115.0000	-62.8198	-18.1150	
120.0000	-62.3070	-28.3558	
125.0000	-63.5197	-44.9124	
130.0000	-63.4710	-40.4867	
135.0000	-64.4035	-51.2849	
140.0000	-62.6302	-59.1106	
145.0000	-63.7037	-58.2549	
150.0000	-62.4261	-71.1003	
155.0000	-62.6726	-70.1808	
160.0000	-61.5873	-78.8027	
165.0000	-61.5874	-69.8981	
170.0000	-64.7620	-76.3223	
175.0000	-64.6738	-106.8034	
180.0000	-62.7306	-118.8058	
			
			
			
[Side Lobes Table]
			
No.	Rel Ampl	Azimuth  [deg]	Absolute Ampl
1L	-0.84	150.00	-62.43
2L	-1.04	140.00	-62.63
3L	-1.88	130.00	-63.47
		 	
File Name:	uwb_dipole.rff		
			
Polarizat.	0.000	Phase	
Frequency	4.000 G	 [GHz]	
Roll  	10.000	[deg]	
Ch.	Channel1		
Beam			
Switch			
Dir	0.00	dBi	
Azimuth  [deg]	Amplitude (dB)	Phase [Deg]	
-180.0000	-62.6880	-120.6098	
-175.0000	-64.1940	-121.5856	
-170.0000	-66.9577	-100.2936	
-165.0000	-63.9940	-74.2771	
-160.0000	-62.5119	-83.7081	
-155.0000	-63.8710	-82.9808	
-150.0000	-63.0913	-81.8777	
-145.0000	-64.5549	-82.4480	
-140.0000	-65.2778	-79.2339	
-135.0000	-64.7930	-69.4188	
-130.0000	-64.5386	-68.4856	
-125.0000	-65.8837	-73.4719	
-120.0000	-66.4135	-56.2792	
-115.0000	-67.2748	-63.7354	
-110.0000	-64.6822	-45.3988	
-105.0000	-66.0792	-42.9512	
-100.0000	-68.2179	-30.9851	
-95.0000	-67.7726	-33.9103	
-90.0000	-65.8862	-23.4765	
-85.0000	-66.8484	-18.2550	
-80.0000	-67.5985	-10.8670	
-75.0000	-65.3598	-7.2201	
-70.0000	-67.3919	4.9420	
-65.0000	-66.4100	-5.1330	
-60.0000	-64.9118	13.2349	
-55.0000	-66.5765	14.2968	
-50.0000	-65.0104	18.3636	
-45.0000	-64.9147	23.5070	
-40.0000	-65.7217	27.9740	
-35.0000	-64.0623	38.9027	
-30.0000	-63.9944	34.2364	
-25.0000	-64.1353	43.0788	
-20.0000	-63.7347	42.7495	
-15.0000	-64.7524	47.5980	
-10.0000	-64.6654	60.6939	
-5.0000	-63.4183	68.6270	
0.0000	-62.8757	70.2830	
5.0000	-63.1108	70.2504	
10.0000	-63.8576	67.3270	
15.0000	-64.1770	58.3453	
20.0000	-62.7765	53.9573	
25.0000	-62.3207	59.3705	
30.0000	-62.9461	57.8279	
35.0000	-62.1059	57.8339	
40.0000	-63.7516	60.5282	
45.0000	-62.6492	47.3213	
50.0000	-62.7393	51.8105	
55.0000	-63.8072	47.7909	
60.0000	-62.5152	40.5365	
65.0000	-64.0011	37.0828	
70.0000	-62.7942	37.4902	
75.0000	-62.3465	24.3331	
80.0000	-63.8150	13.3324	
85.0000	-63.0417	22.0463	
90.0000	-63.0032	7.4516	
95.0000	-62.8502	3.6666	
100.0000	-63.1040	-2.9495	
105.0000	-61.8007	-7.5896	
110.0000	-62.3960	-22.8491	
115.0000	-64.0602	-27.9335	
120.0000	-62.9602	-20.8160	
125.0000	-62.3920	-38.5600	
130.0000	-62.7241	-41.0984	
135.0000	-63.6904	-53.1430	
140.0000	-62.3894	-54.5671	
145.0000	-63.3747	-64.4322	
150.0000	-61.9737	-65.8283	
155.0000	-62.7683	-74.9650	
160.0000	-61.1106	-77.0338	
165.0000	-62.4848	-68.5093	
170.0000	-65.1755	-87.2803	
175.0000	-63.7781	-113.6234	
180.0000	-62.7135	-121.4858	
			
			
			
[Side Lobes Table]
			
No.	Rel Ampl	Azimuth  [deg]	Absolute Ampl
1L	-0.86	150.00	-61.97
2L	-1.28	140.00	-62.39
3L	-1.28	125.00	-62.39
		 	
File Name:	uwb_dipole.rff		
			
Polarizat.	0.000	Phase	
Frequency	4.000 G	 [GHz]	
Roll  	15.000	[deg]	
Ch.	Channel1		
Beam			
Switch			
Dir	0.00	dBi	
Azimuth  [deg]	Amplitude (dB)	Phase [Deg]	
-180.0000	-63.0455	-118.6699	
-175.0000	-63.3520	-123.7582	
-170.0000	-66.5001	-115.3179	
-165.0000	-66.3039	-79.6906	
-160.0000	-63.0331	-81.8077	
-155.0000	-64.1519	-89.5424	
-150.0000	-64.2784	-79.7341	
-145.0000	-64.4919	-86.9653	
-140.0000	-64.8611	-85.0266	
-135.0000	-66.4640	-82.6273	
-130.0000	-67.0055	-71.9817	
-125.0000	-65.2101	-72.8302	
-120.0000	-67.1657	-72.3233	
-115.0000	-65.9421	-71.7245	
-110.0000	-68.7854	-52.0660	
-105.0000	-68.7731	-53.2128	
-100.0000	-67.3423	-57.0936	
-95.0000	-67.3401	-49.6668	
-90.0000	-68.2410	-27.5064	
-85.0000	-68.2708	-28.0514	
-80.0000	-68.3193	-31.1513	
-75.0000	-67.9563	-11.0612	
-70.0000	-67.9850	-24.7020	
-65.0000	-65.8808	-9.8255	
-60.0000	-68.2042	4.5081	
-55.0000	-66.6397	0.0697	
-50.0000	-65.8577	13.1589	
-45.0000	-66.2192	14.9421	
-40.0000	-65.3951	18.0852	
-35.0000	-65.8276	32.0479	
-30.0000	-64.3089	30.9263	
-25.0000	-64.6458	35.7492	
-20.0000	-63.9308	39.6514	
-15.0000	-64.7295	40.0163	
-10.0000	-65.2532	52.5841	
-5.0000	-64.2576	64.4128	
0.0000	-63.2174	69.6581	
5.0000	-62.9810	71.1388	
10.0000	-63.4998	70.5133	
15.0000	-64.3058	64.2783	
20.0000	-63.4501	56.3217	
25.0000	-62.2995	60.0460	
30.0000	-62.6718	61.3074	
35.0000	-62.1853	57.1733	
40.0000	-62.2262	65.6869	
45.0000	-63.4086	52.2946	
50.0000	-62.3190	53.9196	
55.0000	-62.7302	54.5270	
60.0000	-63.0322	45.3825	
65.0000	-62.9021	48.9284	
70.0000	-62.3365	35.5142	
75.0000	-63.0755	26.9391	
80.0000	-63.4231	34.3961	
85.0000	-61.9540	18.8141	
90.0000	-62.5487	13.2081	
95.0000	-62.7256	6.8032	
100.0000	-62.4920	3.7773	
105.0000	-62.2976	-7.3257	
110.0000	-63.5821	-10.5013	
115.0000	-62.5603	-11.3340	
120.0000	-61.3288	-20.8752	
125.0000	-63.3171	-38.2592	
130.0000	-62.5854	-38.2628	
135.0000	-63.3624	-41.4959	
140.0000	-62.6593	-53.4103	
145.0000	-63.4440	-54.8858	
150.0000	-62.0935	-65.0676	
155.0000	-62.9336	-65.1567	
160.0000	-61.8673	-79.9846	
165.0000	-61.5207	-71.6439	
170.0000	-64.3115	-75.2334	
175.0000	-64.7515	-105.8800	
180.0000	-63.0924	-118.8407	
			
			
			
[Side Lobes Table]
			
No.	Rel Ampl	Azimuth  [deg]	Absolute Ampl
1L	-0.97	105.00	-62.30
2L	-0.63	85.00	-61.95
3L	-1.01	70.00	-62.34
1R	-1.26	130.00	-62.59
2R	-1.33	140.00	-62.66
3R	-0.76	150.00	-62.09
		 	
File Name:	uwb_dipole.rff		
			
Polarizat.	0.000	Phase	
Frequency	4.000 G	 [GHz]	
Roll  	20.000	[deg]	
Ch.	Channel1		
Beam			
Switch			
Dir	0.00	dBi	
Azimuth  [deg]	Amplitude (dB)	Phase [Deg]	
-180.0000	-63.0546	-122.1116	
-175.0000	-64.4630	-125.9995	
-170.0000	-67.7524	-106.8353	
-165.0000	-64.9573	-78.4659	
-160.0000	-63.4776	-90.8865	
-155.0000	-65.7772	-92.3624	
-150.0000	-64.8630	-86.5451	
-145.0000	-65.8878	-87.5490	
-140.0000	-65.4659	-89.9999	
-135.0000	-66.5966	-93.2592	
-130.0000	-68.2829	-81.5476	
-125.0000	-67.7196	-80.7075	
-120.0000	-67.8267	-73.2092	
-115.0000	-67.9536	-86.5900	
-110.0000	-67.2373	-72.4784	
-105.0000	-69.7600	-55.6734	
-100.0000	-70.6707	-52.6597	
-95.0000	-68.9637	-62.1854	
-90.0000	-68.9136	-44.8037	
-85.0000	-68.7654	-38.0554	
-80.0000	-69.5040	-43.5335	
-75.0000	-67.8068	-27.7334	
-70.0000	-70.0211	-19.1138	
-65.0000	-67.4270	-24.4053	
-60.0000	-66.8174	-5.1432	
-55.0000	-68.6363	-3.5031	
-50.0000	-66.1423	4.2944	
-45.0000	-66.5265	11.9178	
-40.0000	-66.3923	16.4800	
-35.0000	-65.4203	28.4795	
-30.0000	-65.0550	25.8892	
-25.0000	-64.7402	36.7373	
-20.0000	-64.2833	36.4237	
-15.0000	-65.3819	42.0381	
-10.0000	-65.4254	57.3564	
-5.0000	-64.0166	67.4157	
0.0000	-63.2563	71.5091	
5.0000	-63.2372	72.3843	
10.0000	-63.9973	69.5134	
15.0000	-64.3031	61.8684	
20.0000	-62.9216	57.8534	
25.0000	-62.3916	63.2221	
30.0000	-62.9204	60.4529	
35.0000	-61.6400	61.3019	
40.0000	-62.8295	66.6175	
45.0000	-62.6476	56.5253	
50.0000	-62.5037	56.1457	
55.0000	-62.7992	54.5295	
60.0000	-62.3191	49.2110	
65.0000	-63.1411	45.8959	
70.0000	-62.7447	45.7562	
75.0000	-61.6975	29.7256	
80.0000	-63.4788	24.8475	
85.0000	-62.7072	24.8497	
90.0000	-62.6105	17.2014	
95.0000	-62.2472	6.7041	
100.0000	-62.8700	6.9216	
105.0000	-61.7242	-2.7109	
110.0000	-62.4535	-14.6830	
115.0000	-63.3612	-25.5176	
120.0000	-62.4642	-12.4032	
125.0000	-62.2443	-35.4994	
130.0000	-62.2821	-35.3146	
135.0000	-63.7984	-46.0270	
140.0000	-62.2802	-48.7010	
145.0000	-63.5585	-59.7883	
150.0000	-62.1112	-61.5525	
155.0000	-63.6300	-72.1224	
160.0000	-61.6195	-78.9449	
165.0000	-62.5626	-70.6914	
170.0000	-65.3018	-87.4681	
175.0000	-64.1810	-112.2860	
180.0000	-63.0843	-122.3788	
			
			
			
[Side Lobes Table]
			
No.	Rel Ampl	Azimuth  [deg]	Absolute Ampl
1L	-0.49	150.00	-62.11
2L	-0.66	140.00	-62.28
3L	-0.62	125.00	-62.24
		 	
File Name:	uwb_dipole.rff		
			
Polarizat.	0.000	Phase	
Frequency	4.000 G	 [GHz]	
Roll  	25.000	[deg]	
Ch.	Channel1		
Beam			
Switch			
Dir	0.00	dBi	
Azimuth  [deg]	Amplitude (dB)	Phase [Deg]	
-180.0000	-63.5568	-119.5281	
-175.0000	-63.8869	-125.9848	
-170.0000	-66.7804	-121.4334	
-165.0000	-66.8842	-82.7349	
-160.0000	-63.7326	-87.3166	
-155.0000	-65.0419	-102.5813	
-150.0000	-66.1403	-91.9632	
-145.0000	-66.4680	-99.7328	
-140.0000	-66.8882	-90.1547	
-135.0000	-66.5936	-91.4524	
-130.0000	-67.8101	-96.7392	
-125.0000	-67.7654	-98.9170	
-120.0000	-69.9313	-91.7365	
-115.0000	-67.6740	-82.6895	
-110.0000	-69.5766	-76.9690	
-105.0000	-69.7886	-89.1527	
-100.0000	-69.4724	-93.0651	
-95.0000	-68.8698	-59.2271	
-90.0000	-70.4635	-58.4411	
-85.0000	-70.6922	-55.4226	
-80.0000	-68.9757	-52.6482	
-75.0000	-70.2113	-39.6439	
-70.0000	-68.8716	-55.6131	
-65.0000	-67.5412	-24.2054	
-60.0000	-69.5838	-19.2125	
-55.0000	-67.8129	-23.5758	
-50.0000	-67.5282	0.2314	
-45.0000	-67.4658	-1.6774	
-40.0000	-67.0330	7.1372	
-35.0000	-66.9658	22.2537	
-30.0000	-65.1989	19.9675	
-25.0000	-65.7045	26.9475	
-20.0000	-64.8047	34.8484	
-15.0000	-65.2750	35.1596	
-10.0000	-65.9970	48.7728	
-5.0000	-64.8853	63.4174	
0.0000	-63.7459	69.7944	
5.0000	-63.3584	72.0609	
10.0000	-63.8392	72.2246	
15.0000	-64.5816	67.2369	
20.0000	-63.6411	61.0201	
25.0000	-62.7232	63.8973	
30.0000	-63.1998	65.9271	
35.0000	-62.3405	60.0536	
40.0000	-62.0271	67.1397	
45.0000	-62.9743	62.1864	
50.0000	-62.5887	59.4907	
55.0000	-62.6340	57.5568	
60.0000	-62.9878	53.9174	
65.0000	-62.7017	52.2067	
70.0000	-61.9680	45.2567	
75.0000	-63.6576	35.6560	
80.0000	-63.1495	38.5313	
85.0000	-62.3622	25.5476	
90.0000	-62.2520	17.5451	
95.0000	-63.7084	13.3726	
100.0000	-62.0651	8.3887	
105.0000	-62.9265	-0.8602	
110.0000	-63.2538	-3.0325	
115.0000	-63.6778	-1.4901	
120.0000	-61.0141	-19.8454	
125.0000	-63.5158	-30.5587	
130.0000	-62.5977	-34.8538	
135.0000	-63.0717	-33.0860	
140.0000	-62.8867	-49.9796	
145.0000	-63.4568	-47.7943	
150.0000	-62.5867	-60.0647	
155.0000	-63.8610	-59.4660	
160.0000	-62.9143	-79.5737	
165.0000	-62.1141	-73.1353	
170.0000	-64.9174	-77.5474	
175.0000	-65.2347	-105.4907	
180.0000	-63.5060	-119.6035	
			
			
			
[Side Lobes Table]
			
No.	Rel Ampl	Azimuth  [deg]	Absolute Ampl
1L	-1.05	100.00	-62.07
2L	-1.24	90.00	-62.25
3L	-0.95	70.00	-61.97
1R	-1.58	130.00	-62.60
2R	-1.87	140.00	-62.89
3R	-1.57	150.00	-62.59
		 	
File Name:	uwb_dipole.rff		
			
Polarizat.	0.000	Phase	
Frequency	4.000 G	 [GHz]	
Roll  	30.000	[deg]	
Ch.	Channel1		
Beam			
Switch			
Dir	0.00	dBi	
Azimuth  [deg]	Amplitude (dB)	Phase [Deg]	
-180.0000	-63.7391	-123.3591	
-175.0000	-65.1421	-128.4587	
-170.0000	-68.6277	-109.4918	
-165.0000	-65.4771	-81.1586	
-160.0000	-63.9167	-98.3174	
-155.0000	-66.5023	-105.5763	
-150.0000	-65.6756	-101.0640	
-145.0000	-67.8452	-107.4089	
-140.0000	-67.8300	-100.9755	
-135.0000	-68.5473	-102.5075	
-130.0000	-68.2138	-91.2774	
-125.0000	-67.8280	-110.0848	
-120.0000	-70.6172	-102.6538	
-115.0000	-68.6957	-105.2740	
-110.0000	-68.7945	-93.9836	
-105.0000	-69.3268	-78.0325	
-100.0000	-72.7024	-107.0752	
-95.0000	-69.1550	-77.5604	
-90.0000	-69.4690	-77.3964	
-85.0000	-70.6180	-60.2616	
-80.0000	-69.3733	-70.0370	
-75.0000	-67.9894	-43.2833	
-70.0000	-69.9041	-58.0297	
-65.0000	-68.4054	-42.6604	
-60.0000	-67.8038	-25.2831	
-55.0000	-70.3177	-25.9914	
-50.0000	-67.1217	-7.5767	
-45.0000	-67.6843	-5.5397	
-40.0000	-68.4524	1.9501	
-35.0000	-66.5549	23.4542	
-30.0000	-65.6936	18.2749	
-25.0000	-65.8900	28.1956	
-20.0000	-65.3990	32.4069	
-15.0000	-66.1290	39.3270	
-10.0000	-66.1116	55.0899	
-5.0000	-64.7085	66.3614	
0.0000	-63.8264	70.9667	
5.0000	-63.7775	72.8839	
10.0000	-64.4610	71.7857	
15.0000	-64.5735	65.8672	
20.0000	-63.3767	63.7262	
25.0000	-62.9358	69.0240	
30.0000	-63.5670	64.8308	
35.0000	-62.1652	62.9604	
40.0000	-62.7416	68.5031	
45.0000	-62.5489	63.1157	
50.0000	-62.9645	61.2354	
55.0000	-62.6836	59.6745	
60.0000	-63.0322	57.3807	
65.0000	-63.4359	49.0962	
70.0000	-62.5065	53.4108	
75.0000	-62.4339	37.7418	
80.0000	-64.0131	34.7961	
85.0000	-64.0685	30.1091	
90.0000	-62.5734	23.5765	
95.0000	-63.4713	10.4145	
100.0000	-62.9436	12.0274	
105.0000	-62.5191	2.0999	
110.0000	-62.3763	-8.6316	
115.0000	-64.8445	-16.1747	
120.0000	-62.8974	-11.5011	
125.0000	-62.6798	-27.3299	
130.0000	-62.5413	-35.3168	
135.0000	-63.8320	-38.8865	
140.0000	-62.6661	-45.4232	
145.0000	-63.5268	-54.0622	
150.0000	-62.6772	-53.6665	
155.0000	-64.7493	-66.2271	
160.0000	-62.5981	-78.3556	
165.0000	-63.4057	-69.6011	
170.0000	-66.0775	-86.7517	
175.0000	-64.8630	-112.6301	
180.0000	-63.7199	-123.6100	
			
			
			
[Side Lobes Table]
			
No.	Rel Ampl	Azimuth  [deg]	Absolute Ampl
1L	-0.77	25.00	-62.94
2L	-1.61	5.00	-63.78
3L	-3.23	-20.00	-65.40
1R	-0.38	45.00	-62.55
2R	-0.52	55.00	-62.68
3R	-0.27	75.00	-62.43
		 	
File Name:	uwb_dipole.rff		
			
Polarizat.	0.000	Phase	
Frequency	4.000 G	 [GHz]	
Roll  	35.000	[deg]	
Ch.	Channel1		
Beam			
Switch			
Dir	0.00	dBi	
Azimuth  [deg]	Amplitude (dB)	Phase [Deg]	
-180.0000	-64.3970	-121.2473	
-175.0000	-64.5859	-128.2998	
-170.0000	-67.5654	-123.6587	
-165.0000	-67.7137	-84.2647	
-160.0000	-64.3881	-91.4271	
-155.0000	-65.7366	-109.8305	
-150.0000	-66.3574	-100.3956	
-145.0000	-66.3523	-114.6798	
-140.0000	-67.6841	-106.2688	
-135.0000	-67.8814	-116.2580	
-130.0000	-71.5759	-116.5795	
-125.0000	-68.2462	-102.7345	
-120.0000	-68.6035	-116.1578	
-115.0000	-69.4041	-101.9002	
-110.0000	-68.6483	-102.8656	
-105.0000	-71.3353	-119.5019	
-100.0000	-67.2651	-106.9390	
-95.0000	-71.9529	-89.4588	
-90.0000	-69.8496	-70.4693	
-85.0000	-70.1844	-95.5238	
-80.0000	-68.7374	-65.1663	
-75.0000	-70.9292	-74.8728	
-70.0000	-67.7068	-60.2109	
-65.0000	-68.2421	-52.1121	
-60.0000	-69.9849	-30.9732	
-55.0000	-67.5163	-44.2028	
-50.0000	-69.8760	-10.3373	
-45.0000	-67.4944	-11.8150	
-40.0000	-67.8716	-10.2425	
-35.0000	-69.6442	10.9969	
-30.0000	-66.1750	18.5347	
-25.0000	-66.4038	18.9010	
-20.0000	-66.1055	28.9958	
-15.0000	-66.3686	34.5369	
-10.0000	-66.7495	47.6619	
-5.0000	-65.6869	62.2196	
0.0000	-64.5911	69.2428	
5.0000	-64.1168	72.5135	
10.0000	-64.5895	73.3023	
15.0000	-65.0246	70.2277	
20.0000	-64.2664	65.5772	
25.0000	-63.1229	70.6137	
30.0000	-63.7814	73.4086	
35.0000	-63.2665	64.7482	
40.0000	-62.6927	69.2134	
45.0000	-63.1792	66.0965	
50.0000	-63.0970	65.7044	
55.0000	-63.0559	61.0244	
60.0000	-63.0704	61.8977	
65.0000	-63.6799	60.2011	
70.0000	-62.7168	49.3685	
75.0000	-64.3218	44.3934	
80.0000	-63.6030	43.5456	
85.0000	-63.1151	36.6881	
90.0000	-63.6307	20.7006	
95.0000	-64.6919	21.1002	
100.0000	-63.1463	14.7688	
105.0000	-63.6685	6.3866	
110.0000	-64.4170	2.8948	
115.0000	-63.8544	4.7491	
120.0000	-62.3127	-13.3371	
125.0000	-64.3949	-27.7111	
130.0000	-63.5555	-31.6953	
135.0000	-63.5793	-32.6040	
140.0000	-63.6304	-46.7550	
145.0000	-63.8384	-47.2128	
150.0000	-62.8098	-55.6733	
155.0000	-64.5733	-54.1690	
160.0000	-63.9328	-77.9470	
165.0000	-62.9826	-73.0069	
170.0000	-65.7435	-77.6624	
175.0000	-66.0896	-105.4544	
180.0000	-64.3678	-121.0852	
			
			
			
[Side Lobes Table]
			
No.	Rel Ampl	Azimuth  [deg]	Absolute Ampl
1L	-0.83	100.00	-63.15
2L	-0.80	85.00	-63.12
3L	-0.40	70.00	-62.72
1R	-1.24	130.00	-63.56
2R	-0.50	150.00	-62.81
3R	-0.67	165.00	-62.98
		 	
File Name:	uwb_dipole.rff		
			
Polarizat.	0.000	Phase	
Frequency	4.000 G	 [GHz]	
Roll  	40.000	[deg]	
Ch.	Channel1		
Beam			
Switch			
Dir	0.00	dBi	
Azimuth  [deg]	Amplitude (dB)	Phase [Deg]	
-180.0000	-64.8125	-124.7271	
-175.0000	-66.1782	-130.1827	
-170.0000	-69.8633	-108.6682	
-165.0000	-66.5034	-81.7887	
-160.0000	-64.9859	-102.4712	
-155.0000	-67.3107	-108.5228	
-150.0000	-65.9679	-104.3742	
-145.0000	-68.3129	-112.3974	
-140.0000	-66.8304	-107.9327	
-135.0000	-67.2543	-127.9088	
-130.0000	-71.0716	-123.6071	
-125.0000	-69.5441	-115.5450	
-120.0000	-69.0379	-127.4689	
-115.0000	-71.4338	-113.6291	
-110.0000	-66.6123	-106.7175	
-105.0000	-71.0633	-106.2079	
-100.0000	-69.2632	-114.1308	
-95.0000	-70.4381	-116.2858	
-90.0000	-68.8467	-68.9775	
-85.0000	-70.4092	-96.6620	
-80.0000	-68.8170	-70.7967	
-75.0000	-69.0268	-69.8640	
-70.0000	-69.5393	-58.8805	
-65.0000	-67.7794	-63.2055	
-60.0000	-68.4629	-26.2859	
-55.0000	-68.5374	-51.2090	
-50.0000	-69.7071	-14.4488	
-45.0000	-67.5214	-11.7104	
-40.0000	-68.8094	-16.7472	
-35.0000	-69.1979	16.8511	
-30.0000	-66.6633	16.5133	
-25.0000	-66.9289	21.2656	
-20.0000	-66.9230	28.8958	
-15.0000	-67.2820	38.5993	
-10.0000	-67.1594	52.7404	
-5.0000	-65.7564	65.0600	
0.0000	-64.8200	70.7701	
5.0000	-64.7932	72.8121	
10.0000	-65.3400	73.8817	
15.0000	-65.2048	69.3094	
20.0000	-63.7673	68.0099	
25.0000	-63.3720	75.1366	
30.0000	-64.3797	72.9408	
35.0000	-63.2047	66.9240	
40.0000	-63.6275	71.6721	
45.0000	-63.5355	67.0725	
50.0000	-64.1398	65.2166	
55.0000	-63.5342	60.5541	
60.0000	-63.4566	63.6776	
65.0000	-64.4972	58.2756	
70.0000	-63.4779	59.6895	
75.0000	-63.9072	44.3643	
80.0000	-64.7392	37.5927	
85.0000	-64.6586	41.1125	
90.0000	-63.9896	31.5334	
95.0000	-65.1257	15.4844	
100.0000	-64.1653	17.9237	
105.0000	-63.6099	9.7642	
110.0000	-64.2360	-5.2340	
115.0000	-65.7548	-11.2470	
120.0000	-64.0413	-4.7590	
125.0000	-63.9991	-22.6559	
130.0000	-63.8285	-31.8482	
135.0000	-65.1154	-37.5297	
140.0000	-63.6384	-44.0723	
145.0000	-64.4279	-54.1380	
150.0000	-63.1851	-53.3470	
155.0000	-65.5792	-63.1450	
160.0000	-63.5969	-76.4123	
165.0000	-64.5289	-69.1862	
170.0000	-67.1389	-86.9330	
175.0000	-65.9335	-112.5939	
180.0000	-64.7638	-125.1033	
			
			
			
[Side Lobes Table]
			
No.	Rel Ampl	Azimuth  [deg]	Absolute Ampl
1L	-0.45	140.00	-63.64
2L	-0.64	130.00	-63.83
3L	-0.42	105.00	-63.61
1R	-0.41	160.00	-63.60
		 	
File Name:	uwb_dipole.rff		
			
Polarizat.	0.000	Phase	
Frequency	4.000 G	 [GHz]	
Roll  	45.000	[deg]	
Ch.	Channel1		
Beam			
Switch			
Dir	0.00	dBi	
Azimuth  [deg]	Amplitude (dB)	Phase [Deg]	
-180.0000	-65.7108	-121.2054	
-175.0000	-65.9755	-129.6883	
-170.0000	-69.1709	-122.6473	
-165.0000	-68.9315	-81.4951	
-160.0000	-65.8260	-94.4303	
-155.0000	-67.3359	-112.3150	
-150.0000	-67.6750	-100.6142	
-145.0000	-68.3941	-116.7899	
-140.0000	-69.5173	-94.8020	
-135.0000	-67.2677	-111.7972	
-130.0000	-68.7026	-129.0286	
-125.0000	-69.7992	-129.5998	
-120.0000	-68.1758	-118.9591	
-115.0000	-68.8445	-135.3941	
-110.0000	-71.9007	-105.0197	
-105.0000	-68.7948	-121.3873	
-100.0000	-68.4201	-114.3206	
-95.0000	-68.2359	-101.0042	
-90.0000	-73.3318	-105.5832	
-85.0000	-68.6340	-91.7645	
-80.0000	-70.2221	-89.2755	
-75.0000	-69.9625	-68.9961	
-70.0000	-68.2467	-79.9324	
-65.0000	-67.8526	-52.2499	
-60.0000	-71.1757	-62.7798	
-55.0000	-67.5020	-40.7178	
-50.0000	-69.9746	-39.9360	
-45.0000	-69.9434	-12.6048	
-40.0000	-67.5913	-15.2191	
-35.0000	-71.3354	-10.0987	
-30.0000	-68.0821	16.1886	
-25.0000	-67.5071	13.8139	
-20.0000	-67.9723	23.0542	
-15.0000	-67.8925	33.1977	
-10.0000	-68.0583	46.0822	
-5.0000	-66.9342	61.2884	
0.0000	-65.8645	68.1118	
5.0000	-65.5271	72.6407	
10.0000	-65.7059	74.7515	
15.0000	-65.8216	71.8126	
20.0000	-64.7876	66.8478	
25.0000	-63.6921	72.7201	
30.0000	-64.4814	76.7197	
35.0000	-64.4424	69.2038	
40.0000	-63.8865	73.0763	
45.0000	-64.3662	70.2598	
50.0000	-64.4886	71.4158	
55.0000	-65.0712	64.6424	
60.0000	-64.4561	62.8376	
65.0000	-64.5191	65.0033	
70.0000	-63.9440	54.4129	
75.0000	-65.5168	53.8469	
80.0000	-65.5916	50.3922	
85.0000	-64.4230	41.6103	
90.0000	-64.8556	27.2778	
95.0000	-66.1803	30.8982	
100.0000	-65.1002	18.7539	
105.0000	-65.0076	12.1081	
110.0000	-66.4968	11.5207	
115.0000	-65.2948	10.3421	
120.0000	-63.8615	-9.9060	
125.0000	-65.5389	-21.6448	
130.0000	-65.4904	-27.1333	
135.0000	-65.0650	-28.5174	
140.0000	-65.0929	-45.0013	
145.0000	-65.3877	-46.0228	
150.0000	-64.1339	-55.8660	
155.0000	-65.3899	-54.6766	
160.0000	-64.8719	-75.4846	
165.0000	-64.1857	-71.5653	
170.0000	-67.0450	-75.4866	
175.0000	-67.2900	-105.4442	
180.0000	-65.7714	-121.4297	
			
			
			
[Side Lobes Table]
			
No.	Rel Ampl	Azimuth  [deg]	Absolute Ampl
1L	-1.84	5.00	-65.53
2L	-4.20	-15.00	-67.89
3L	-3.81	-25.00	-67.51
1R	-0.19	40.00	-63.89
2R	-0.76	60.00	-64.46
3R	-0.25	70.00	-63.94
		 	
File Name:	uwb_dipole.rff		
			
Polarizat.	0.000	Phase	
Frequency	4.000 G	 [GHz]	
Roll  	50.000	[deg]	
Ch.	Channel1		
Beam			
Switch			
Dir	0.00	dBi	
Azimuth  [deg]	Amplitude (dB)	Phase [Deg]	
-180.0000	-66.3387	-125.4341	
-175.0000	-67.7301	-130.2501	
-170.0000	-71.8335	-106.5708	
-165.0000	-68.3108	-81.9993	
-160.0000	-67.1399	-105.3930	
-155.0000	-69.5725	-110.7542	
-150.0000	-68.3240	-109.8921	
-145.0000	-73.2005	-121.2532	
-140.0000	-71.0798	-96.5825	
-135.0000	-69.7634	-112.7119	
-130.0000	-69.4416	-122.1176	
-125.0000	-71.3776	-127.3444	
-120.0000	-68.5471	-119.7370	
-115.0000	-67.9090	-137.2827	
-110.0000	-69.3576	-119.0836	
-105.0000	-69.7344	-110.9581	
-100.0000	-71.2771	-123.4674	
-95.0000	-68.3703	-110.9160	
-90.0000	-70.8810	-92.9924	
-85.0000	-69.8138	-91.5829	
-80.0000	-69.6573	-94.4306	
-75.0000	-69.5954	-63.2321	
-70.0000	-70.3916	-72.6251	
-65.0000	-67.8035	-59.7912	
-60.0000	-70.6675	-47.1864	
-55.0000	-69.5990	-41.6861	
-50.0000	-69.6082	-39.5356	
-45.0000	-70.6954	-9.8557	
-40.0000	-68.8616	-21.4478	
-35.0000	-71.8187	3.8791	
-30.0000	-68.3700	13.2266	
-25.0000	-68.4734	15.8251	
-20.0000	-68.8546	26.7274	
-15.0000	-69.0682	38.2125	
-10.0000	-68.6605	53.5902	
-5.0000	-67.2467	64.3890	
0.0000	-66.4718	70.1985	
5.0000	-66.2743	74.7658	
10.0000	-66.4660	74.6594	
15.0000	-66.1777	69.0134	
20.0000	-64.7877	68.0120	
25.0000	-64.4362	76.5437	
30.0000	-65.6192	74.9274	
35.0000	-64.6973	69.8014	
40.0000	-65.1148	74.4636	
45.0000	-64.7833	70.7013	
50.0000	-65.5926	73.8258	
55.0000	-65.8066	67.9451	
60.0000	-65.3770	65.7214	
65.0000	-66.3889	64.1815	
70.0000	-64.8482	62.8175	
75.0000	-65.4513	52.5942	
80.0000	-66.2802	43.3430	
85.0000	-66.6199	48.6376	
90.0000	-65.6383	34.7323	
95.0000	-66.4887	27.1215	
100.0000	-66.2903	23.5428	
105.0000	-65.1427	13.7467	
110.0000	-66.3783	-0.9659	
115.0000	-67.8153	-0.2411	
120.0000	-66.6588	-1.7935	
125.0000	-65.2469	-17.7874	
130.0000	-66.1626	-28.8161	
135.0000	-66.7588	-34.5638	
140.0000	-65.3818	-42.1955	
145.0000	-66.1766	-52.6848	
150.0000	-65.1441	-53.0163	
155.0000	-66.5692	-64.9959	
160.0000	-64.5879	-75.3601	
165.0000	-65.6771	-67.3954	
170.0000	-68.7039	-85.1717	
175.0000	-67.3556	-113.1970	
180.0000	-66.3421	-125.8058	
			
			
			
[Side Lobes Table]
			
No.	Rel Ampl	Azimuth  [deg]	Absolute Ampl
1L	-1.84	5.00	-66.27
2L	-3.93	-30.00	-68.37
3L	-4.43	-40.00	-68.86
1R	-0.26	35.00	-64.70
2R	-0.35	45.00	-64.78
3R	-0.94	60.00	-65.38
		 	
File Name:	uwb_dipole.rff		
			
Polarizat.	0.000	Phase	
Frequency	4.000 G	 [GHz]	
Roll  	55.000	[deg]	
Ch.	Channel1		
Beam			
Switch			
Dir	0.00	dBi	
Azimuth  [deg]	Amplitude (dB)	Phase [Deg]	
-180.0000	-67.5604	-120.8420	
-175.0000	-67.7608	-129.2510	
-170.0000	-71.4024	-122.3269	
-165.0000	-72.1101	-80.3342	
-160.0000	-68.3534	-96.1804	
-155.0000	-69.8336	-114.3167	
-150.0000	-70.2837	-105.3023	
-145.0000	-71.3906	-134.9195	
-140.0000	-76.4806	-114.2067	
-135.0000	-74.9399	-120.0015	
-130.0000	-72.6367	-120.4681	
-125.0000	-70.6762	-136.1280	
-120.0000	-71.8717	-122.6169	
-115.0000	-68.8301	-120.9361	
-110.0000	-70.0156	-125.2239	
-105.0000	-70.2598	-128.8111	
-100.0000	-68.3320	-120.0666	
-95.0000	-69.6836	-107.7940	
-90.0000	-71.9471	-110.4642	
-85.0000	-70.3574	-100.9097	
-80.0000	-69.3992	-85.8445	
-75.0000	-71.1813	-86.4144	
-70.0000	-69.5193	-77.6379	
-65.0000	-69.4982	-56.5496	
-60.0000	-70.3557	-57.3187	
-55.0000	-70.0025	-54.7559	
-50.0000	-70.2731	-32.2710	
-45.0000	-71.3588	-37.7724	
-40.0000	-69.8758	-12.0780	
-35.0000	-71.6122	-18.4170	
-30.0000	-70.4265	13.0987	
-25.0000	-69.1089	11.7617	
-20.0000	-69.7483	19.4467	
-15.0000	-70.3228	31.6905	
-10.0000	-70.0176	48.2956	
-5.0000	-68.7339	59.8087	
0.0000	-67.5854	67.3763	
5.0000	-67.1436	74.5707	
10.0000	-67.2829	75.4230	
15.0000	-67.2929	71.4790	
20.0000	-66.2050	66.4640	
25.0000	-65.1172	72.5838	
30.0000	-66.0428	77.4364	
35.0000	-66.2532	71.4439	
40.0000	-65.8652	75.0781	
45.0000	-66.1967	69.9790	
50.0000	-65.9875	74.9706	
55.0000	-66.9279	70.9046	
60.0000	-66.5487	68.2039	
65.0000	-66.7709	73.3690	
70.0000	-66.2704	58.6707	
75.0000	-67.1925	58.4609	
80.0000	-67.6525	55.0368	
85.0000	-65.9875	46.4702	
90.0000	-67.2910	35.8404	
95.0000	-67.7923	31.9179	
100.0000	-67.1025	27.5816	
105.0000	-67.3901	19.3719	
110.0000	-68.7914	20.3644	
115.0000	-67.1536	9.5688	
120.0000	-66.2914	-1.7177	
125.0000	-67.7486	-24.0664	
130.0000	-67.8236	-19.3227	
135.0000	-67.4532	-28.5791	
140.0000	-66.8406	-42.0419	
145.0000	-67.3943	-43.8430	
150.0000	-66.1544	-52.3200	
155.0000	-67.5496	-55.7018	
160.0000	-66.0904	-78.2974	
165.0000	-65.7030	-71.5171	
170.0000	-68.7267	-75.9591	
175.0000	-69.2234	-106.1148	
180.0000	-67.4055	-121.5943	
			
			
			
[Side Lobes Table]
			
No.	Rel Ampl	Azimuth  [deg]	Absolute Ampl
1L	-2.03	5.00	-67.14
2L	-3.99	-25.00	-69.11
3L	-4.76	-40.00	-69.88
1R	-0.75	40.00	-65.87
2R	-0.87	50.00	-65.99
3R	-1.43	60.00	-66.55
		 	
File Name:	uwb_dipole.rff		
			
Polarizat.	0.000	Phase	
Frequency	4.000 G	 [GHz]	
Roll  	60.000	[deg]	
Ch.	Channel1		
Beam			
Switch			
Dir	0.00	dBi	
Azimuth  [deg]	Amplitude (dB)	Phase [Deg]	
-180.0000	-68.4658	-125.5332	
-175.0000	-70.1490	-131.6036	
-170.0000	-75.3811	-107.5672	
-165.0000	-71.3090	-83.8957	
-160.0000	-69.6588	-110.7330	
-155.0000	-72.2950	-115.1747	
-150.0000	-70.7170	-117.4263	
-145.0000	-74.1539	-149.0651	
-140.0000	-74.6422	-142.1212	
-135.0000	-75.8072	-141.9633	
-130.0000	-73.2812	-132.1565	
-125.0000	-71.3941	-146.8434	
-120.0000	-71.9862	-131.3663	
-115.0000	-70.3080	-132.5353	
-110.0000	-69.8074	-122.6485	
-105.0000	-70.4332	-117.9363	
-100.0000	-71.3158	-120.3189	
-95.0000	-68.8973	-115.4555	
-90.0000	-71.6026	-104.1816	
-85.0000	-71.9471	-100.6500	
-80.0000	-70.6897	-91.2218	
-75.0000	-70.5910	-72.2926	
-70.0000	-71.5113	-73.8330	
-65.0000	-70.0843	-62.6352	
-60.0000	-70.8344	-41.7412	
-55.0000	-71.7398	-57.4306	
-50.0000	-70.7327	-28.8745	
-45.0000	-72.4707	-32.6085	
-40.0000	-71.1160	-16.8043	
-35.0000	-73.2530	-5.6154	
-30.0000	-70.8202	13.4350	
-25.0000	-70.3162	14.8350	
-20.0000	-71.3700	24.7775	
-15.0000	-71.5244	39.1458	
-10.0000	-70.4272	56.2094	
-5.0000	-69.1259	64.6949	
0.0000	-68.4972	70.7296	
5.0000	-68.1572	75.1246	
10.0000	-68.3598	73.6824	
15.0000	-67.9587	67.4330	
20.0000	-66.7893	66.3306	
25.0000	-66.6417	75.9078	
30.0000	-67.6934	76.1503	
35.0000	-66.9441	74.3090	
40.0000	-67.8707	77.6716	
45.0000	-67.0969	71.4017	
50.0000	-67.9385	78.1725	
55.0000	-68.1035	69.0701	
60.0000	-67.4226	68.5173	
65.0000	-68.7693	71.1706	
70.0000	-67.3432	67.0191	
75.0000	-67.4120	59.7484	
80.0000	-68.8813	46.9163	
85.0000	-68.3417	52.1125	
90.0000	-68.3858	42.4883	
95.0000	-68.4447	31.8443	
100.0000	-68.2142	29.0422	
105.0000	-67.8374	25.5488	
110.0000	-69.6482	4.9733	
115.0000	-70.5333	2.6297	
120.0000	-69.5991	5.9123	
125.0000	-67.4501	-16.4121	
130.0000	-69.0197	-24.7529	
135.0000	-69.3466	-35.3380	
140.0000	-67.6832	-39.9429	
145.0000	-68.2719	-52.5062	
150.0000	-67.8167	-51.3564	
155.0000	-68.8126	-68.7568	
160.0000	-66.4590	-77.4831	
165.0000	-67.4990	-69.4640	
170.0000	-70.6239	-85.5121	
175.0000	-69.3366	-114.5778	
180.0000	-68.4396	-125.7674	
			
			
			
[Side Lobes Table]
			
No.	Rel Ampl	Azimuth  [deg]	Absolute Ampl
1L	-1.36	150.00	-67.82
2L	-1.22	140.00	-67.68
3L	-0.99	125.00	-67.45
		 	
File Name:	uwb_dipole.rff		
			
Polarizat.	0.000	Phase	
Frequency	4.000 G	 [GHz]	
Roll  	65.000	[deg]	
Ch.	Channel1		
Beam			
Switch			
Dir	0.00	dBi	
Azimuth  [deg]	Amplitude (dB)	Phase [Deg]	
-180.0000	-70.1141	-122.6798	
-175.0000	-70.6254	-131.8706	
-170.0000	-75.0843	-126.4416	
-165.0000	-76.2986	-79.2112	
-160.0000	-71.0379	-101.6442	
-155.0000	-72.4726	-122.3863	
-150.0000	-72.5014	-108.8102	
-145.0000	-71.9276	-137.0582	
-140.0000	-74.5894	-138.9345	
-135.0000	-74.6911	-157.1337	
-130.0000	-74.4297	-145.7206	
-125.0000	-71.0149	-139.2856	
-120.0000	-71.9247	-136.9466	
-115.0000	-70.0621	-132.2310	
-110.0000	-71.8888	-133.7285	
-105.0000	-71.3957	-126.2273	
-100.0000	-70.5016	-124.0344	
-95.0000	-71.4518	-105.9534	
-90.0000	-72.1593	-112.5089	
-85.0000	-71.5176	-106.4890	
-80.0000	-70.7124	-94.5383	
-75.0000	-74.2991	-86.0472	
-70.0000	-70.8161	-78.5815	
-65.0000	-71.9480	-60.5118	
-60.0000	-73.7648	-53.4266	
-55.0000	-70.1544	-50.9105	
-50.0000	-74.9992	-36.3166	
-45.0000	-71.6062	-32.0760	
-40.0000	-73.6344	-20.1840	
-35.0000	-73.5788	-15.6651	
-30.0000	-73.6508	8.0485	
-25.0000	-71.5053	12.9825	
-20.0000	-72.4229	17.5152	
-15.0000	-73.3322	32.9273	
-10.0000	-72.6391	52.2774	
-5.0000	-70.8821	61.0053	
0.0000	-70.2291	67.4520	
5.0000	-69.6707	74.0664	
10.0000	-69.6526	73.3510	
15.0000	-69.7473	68.6878	
20.0000	-68.7647	65.4540	
25.0000	-67.8872	73.2197	
30.0000	-69.0915	79.1223	
35.0000	-68.9067	75.4505	
40.0000	-68.9930	83.3288	
45.0000	-69.5924	72.8199	
50.0000	-68.6631	78.5929	
55.0000	-70.4559	74.5680	
60.0000	-69.7433	68.1769	
65.0000	-69.3210	74.9182	
70.0000	-69.1179	63.1112	
75.0000	-69.9088	60.7700	
80.0000	-70.1652	60.8072	
85.0000	-68.8443	49.2899	
90.0000	-69.6000	40.7216	
95.0000	-70.2795	35.9633	
100.0000	-70.1405	31.9473	
105.0000	-69.9100	28.2134	
110.0000	-72.2421	30.7767	
115.0000	-70.3397	14.6277	
120.0000	-69.4018	3.3303	
125.0000	-70.8710	-23.1161	
130.0000	-71.4213	-15.6223	
135.0000	-70.4381	-26.0029	
140.0000	-69.6791	-41.5559	
145.0000	-70.6007	-46.0712	
150.0000	-68.7479	-51.4921	
155.0000	-70.5752	-56.6813	
160.0000	-68.9901	-79.8932	
165.0000	-68.3079	-74.6500	
170.0000	-71.1372	-78.0336	
175.0000	-71.6946	-107.3451	
180.0000	-70.0278	-123.4930	
			
			
			
[Side Lobes Table]
			
No.	Rel Ampl	Azimuth  [deg]	Absolute Ampl
1L	-1.77	10.00	-69.65
2L	-3.62	-25.00	-71.51
3L	-5.69	-35.00	-73.58
1R	-1.02	35.00	-68.91
2R	-0.78	50.00	-68.66
3R	-1.23	70.00	-69.12
		 	
File Name:	uwb_dipole.rff		
			
Polarizat.	0.000	Phase	
Frequency	4.000 G	 [GHz]	
Roll  	70.000	[deg]	
Ch.	Channel1		
Beam			
Switch			
Dir	0.00	dBi	
Azimuth  [deg]	Amplitude (dB)	Phase [Deg]	
-180.0000	-71.7614	-127.6630	
-175.0000	-73.5108	-134.1054	
-170.0000	-79.6761	-115.9849	
-165.0000	-75.0234	-84.8587	
-160.0000	-72.5317	-117.2397	
-155.0000	-75.5276	-119.1096	
-150.0000	-72.7454	-112.0272	
-145.0000	-74.6904	-136.6525	
-140.0000	-74.1648	-141.0111	
-135.0000	-75.3363	-148.6783	
-130.0000	-74.9654	-132.6439	
-125.0000	-72.4583	-141.0963	
-120.0000	-72.3736	-122.6784	
-115.0000	-70.5163	-133.0977	
-110.0000	-72.0040	-130.0723	
-105.0000	-71.7777	-115.9463	
-100.0000	-72.3956	-129.8856	
-95.0000	-72.8793	-120.1773	
-90.0000	-73.6170	-99.6827	
-85.0000	-73.7775	-94.9997	
-80.0000	-70.9702	-104.5626	
-75.0000	-75.0512	-72.2172	
-70.0000	-73.1478	-74.4835	
-65.0000	-73.4455	-62.5633	
-60.0000	-74.2751	-37.7365	
-55.0000	-72.7269	-55.0753	
-50.0000	-75.4639	-22.4608	
-45.0000	-73.7151	-31.9676	
-40.0000	-75.3361	-19.6564	
-35.0000	-75.9558	-8.5784	
-30.0000	-74.8674	14.5199	
-25.0000	-73.3433	14.8062	
-20.0000	-75.3319	22.9645	
-15.0000	-75.1792	46.8734	
-10.0000	-73.5207	58.8044	
-5.0000	-71.9157	64.1894	
0.0000	-71.8309	70.6778	
5.0000	-71.3995	73.1261	
10.0000	-71.5319	69.3797	
15.0000	-71.0286	64.2384	
20.0000	-69.8372	66.9556	
25.0000	-70.2242	79.1518	
30.0000	-71.2152	78.2012	
35.0000	-69.8834	82.7643	
40.0000	-71.6007	88.3316	
45.0000	-70.6992	74.7351	
50.0000	-71.1480	86.4349	
55.0000	-72.2934	75.4338	
60.0000	-71.4449	72.4218	
65.0000	-72.7247	74.2471	
70.0000	-70.8439	70.0066	
75.0000	-70.4876	61.5152	
80.0000	-72.2714	50.1631	
85.0000	-71.7564	51.7562	
90.0000	-71.6900	40.5192	
95.0000	-70.4572	36.7685	
100.0000	-71.4096	34.1793	
105.0000	-71.1329	31.2017	
110.0000	-74.9198	8.6203	
115.0000	-74.3971	5.8589	
120.0000	-74.4277	14.6494	
125.0000	-70.6094	-8.9318	
130.0000	-73.2861	-27.6768	
135.0000	-73.0469	-32.6140	
140.0000	-71.7841	-38.2602	
145.0000	-71.6745	-56.6364	
150.0000	-71.5933	-50.7709	
155.0000	-72.1886	-70.7881	
160.0000	-70.3394	-80.7254	
165.0000	-70.9978	-75.6847	
170.0000	-74.0764	-89.4933	
175.0000	-72.5908	-117.2229	
180.0000	-71.6495	-127.9109	
			
			
			
[Side Lobes Table]
			
No.	Rel Ampl	Azimuth  [deg]	Absolute Ampl
1L	-1.56	5.00	-71.40
2L	-3.51	-25.00	-73.34
3L	-3.88	-45.00	-73.72
1R	-0.05	35.00	-69.88
2R	-0.86	45.00	-70.70
3R	-1.61	60.00	-71.44
		 	
File Name:	uwb_dipole.rff		
			
Polarizat.	0.000	Phase	
Frequency	4.000 G	 [GHz]	
Roll  	75.000	[deg]	
Ch.	Channel1		
Beam			
Switch			
Dir	0.00	dBi	
Azimuth  [deg]	Amplitude (dB)	Phase [Deg]	
-180.0000	-74.1779	-128.2295	
-175.0000	-74.8477	-134.4445	
-170.0000	-79.0616	-136.0554	
-165.0000	-81.4489	-76.8466	
-160.0000	-75.0010	-105.1713	
-155.0000	-77.4271	-128.4165	
-150.0000	-76.7980	-99.0514	
-145.0000	-75.7377	-129.0563	
-140.0000	-77.5703	-124.9453	
-135.0000	-76.9679	-151.5216	
-130.0000	-77.2201	-145.3129	
-125.0000	-74.2470	-130.5580	
-120.0000	-76.6444	-127.5840	
-115.0000	-73.4573	-118.4979	
-110.0000	-73.1812	-130.4227	
-105.0000	-74.2877	-120.0759	
-100.0000	-72.3804	-114.3726	
-95.0000	-72.3689	-131.2636	
-90.0000	-77.7629	-126.2606	
-85.0000	-74.3836	-111.5335	
-80.0000	-73.0280	-84.7056	
-75.0000	-75.4217	-107.0422	
-70.0000	-76.2472	-69.7967	
-65.0000	-76.0826	-71.5168	
-60.0000	-77.7985	-49.4103	
-55.0000	-74.2990	-45.0304	
-50.0000	-78.1086	-45.4735	
-45.0000	-76.2750	-23.1313	
-40.0000	-77.0377	-27.4626	
-35.0000	-77.8658	-13.0074	
-30.0000	-78.5839	2.8697	
-25.0000	-75.7539	18.8482	
-20.0000	-77.0164	16.1220	
-15.0000	-78.3467	40.3118	
-10.0000	-76.5141	60.0001	
-5.0000	-74.3877	64.1726	
0.0000	-74.0463	65.9392	
5.0000	-73.9503	73.1967	
10.0000	-73.6771	69.4292	
15.0000	-73.5553	60.8469	
20.0000	-72.8393	63.8617	
25.0000	-72.1042	80.3094	
30.0000	-73.2760	82.5825	
35.0000	-72.2312	79.6299	
40.0000	-72.6054	92.8831	
45.0000	-74.2672	76.6466	
50.0000	-72.5774	80.7242	
55.0000	-74.5784	81.1331	
60.0000	-74.7263	74.7004	
65.0000	-74.2621	80.9603	
70.0000	-73.8475	64.5145	
75.0000	-74.3449	61.9618	
80.0000	-74.0396	63.7205	
85.0000	-72.8021	50.5211	
90.0000	-73.8608	45.0514	
95.0000	-73.1293	24.2507	
100.0000	-73.5074	38.5201	
105.0000	-74.4068	40.2287	
110.0000	-77.2090	46.4026	
115.0000	-75.0918	17.9733	
120.0000	-74.9484	16.0080	
125.0000	-74.9958	-30.1248	
130.0000	-77.2150	3.6671	
135.0000	-74.8790	-29.6816	
140.0000	-74.6391	-39.2514	
145.0000	-75.8083	-54.0872	
150.0000	-73.2519	-50.4742	
155.0000	-74.9783	-61.7727	
160.0000	-73.6224	-82.0778	
165.0000	-73.1205	-83.8163	
170.0000	-75.3597	-84.3963	
175.0000	-75.9102	-115.5419	
180.0000	-74.2472	-128.2159	
			
			
			
[Side Lobes Table]
			
No.	Rel Ampl	Azimuth  [deg]	Absolute Ampl
1L	-3.65	-25.00	-75.75
2L	-4.17	-45.00	-76.28
3L	-2.19	-55.00	-74.30
1R	-0.13	35.00	-72.23
2R	-0.47	50.00	-72.58
3R	-1.74	70.00	-73.85
		 	
File Name:	uwb_dipole.rff		
			
Polarizat.	0.000	Phase	
Frequency	4.000 G	 [GHz]	
Roll  	80.000	[deg]	
Ch.	Channel1		
Beam			
Switch			
Dir	0.00	dBi	
Azimuth  [deg]	Amplitude (dB)	Phase [Deg]	
-180.0000	-77.8705	-132.9868	
-175.0000	-79.5037	-147.2738	
-170.0000	-87.9883	-153.4909	
-165.0000	-79.5888	-77.1400	
-160.0000	-78.1877	-116.8974	
-155.0000	-86.6563	-107.4423	
-150.0000	-79.4788	-100.0838	
-145.0000	-83.1651	-135.3085	
-140.0000	-80.0100	-132.4641	
-135.0000	-80.3648	-150.6109	
-130.0000	-82.2208	-135.7944	
-125.0000	-76.8328	-151.6482	
-120.0000	-78.9302	-120.7140	
-115.0000	-76.7500	-119.6223	
-110.0000	-77.3055	-127.4743	
-105.0000	-77.0182	-117.0689	
-100.0000	-74.4723	-106.3130	
-95.0000	-73.8671	-139.3702	
-90.0000	-78.5200	-107.9988	
-85.0000	-78.7159	-130.8149	
-80.0000	-76.3000	-91.4313	
-75.0000	-78.1143	-100.0670	
-70.0000	-78.1373	-60.7998	
-65.0000	-81.2422	-71.2318	
-60.0000	-79.9364	-35.9740	
-55.0000	-78.7581	-52.1999	
-50.0000	-82.1899	-22.8897	
-45.0000	-79.4425	-23.0937	
-40.0000	-81.2255	-24.3046	
-35.0000	-81.3815	-5.1306	
-30.0000	-81.8721	22.0521	
-25.0000	-79.1180	19.9478	
-20.0000	-83.3950	26.4595	
-15.0000	-81.0915	65.7257	
-10.0000	-77.9606	68.6864	
-5.0000	-76.8823	62.6522	
0.0000	-77.7527	69.2938	
5.0000	-77.6911	69.0582	
10.0000	-77.7080	59.3833	
15.0000	-76.3406	54.1504	
20.0000	-75.1221	67.4976	
25.0000	-75.6494	86.5585	
30.0000	-76.7117	78.9359	
35.0000	-74.7171	87.6388	
40.0000	-77.5409	96.6256	
45.0000	-76.9331	74.0344	
50.0000	-77.1022	88.0354	
55.0000	-78.0557	74.1812	
60.0000	-78.3903	73.0162	
65.0000	-80.4824	86.0385	
70.0000	-77.5401	73.4202	
75.0000	-76.0389	60.8023	
80.0000	-76.8531	52.4820	
85.0000	-75.6361	50.7583	
90.0000	-78.2409	49.0435	
95.0000	-74.3508	32.9433	
100.0000	-75.6227	35.0729	
105.0000	-77.6367	46.0774	
110.0000	-85.7029	7.2002	
115.0000	-80.1062	16.3772	
120.0000	-87.0131	68.6405	
125.0000	-75.4570	-10.6585	
130.0000	-84.2320	-40.2217	
135.0000	-79.1538	-35.5010	
140.0000	-78.9083	-35.6324	
145.0000	-77.6634	-65.1121	
150.0000	-78.3579	-54.7869	
155.0000	-77.9964	-71.3421	
160.0000	-77.6689	-88.7204	
165.0000	-77.3759	-94.8848	
170.0000	-79.9823	-108.9766	
175.0000	-78.1276	-129.0971	
180.0000	-77.5156	-133.2238	
			
			
			
[Side Lobes Table]
			
No.	Rel Ampl	Azimuth  [deg]	Absolute Ampl
1L	-2.88	-115.00	-76.75
2L	-2.97	-125.00	-76.83
3L	-6.14	-140.00	-80.01
1R	-2.43	-80.00	-76.30
2R	-4.89	-55.00	-78.76
3R	-5.58	-45.00	-79.44
		 	
File Name:	uwb_dipole.rff		
			
Polarizat.	0.000	Phase	
Frequency	4.000 G	 [GHz]	
Roll  	85.000	[deg]	
Ch.	Channel1		
Beam			
Switch			
Dir	0.00	dBi	
Azimuth  [deg]	Amplitude (dB)	Phase [Deg]	
-180.0000	-82.6912	-151.1467	
-175.0000	-84.1032	-156.1081	
-170.0000	-86.1678	176.4026	
-165.0000	-90.9485	-44.0975	
-160.0000	-82.1124	-95.1382	
-155.0000	-94.9884	-166.8118	
-150.0000	-87.2880	-46.9247	
-145.0000	-86.7124	-122.3982	
-140.0000	-89.8640	-113.0988	
-135.0000	-85.8410	-167.3762	
-130.0000	-85.5995	-173.4530	
-125.0000	-79.4102	-128.9914	
-120.0000	-83.8236	-134.2818	
-115.0000	-81.4760	-127.3799	
-110.0000	-79.8924	-135.9885	
-105.0000	-79.3478	-129.5643	
-100.0000	-85.2895	-127.9661	
-95.0000	-76.6236	-128.0747	
-90.0000	-81.4665	-164.0112	
-85.0000	-75.9084	-121.0291	
-80.0000	-80.8298	-125.3017	
-75.0000	-79.0031	-97.1590	
-70.0000	-89.1423	-73.5990	
-65.0000	-83.6538	-77.5628	
-60.0000	-92.4014	-41.6513	
-55.0000	-82.9939	-38.4663	
-50.0000	-92.1755	-14.4225	
-45.0000	-86.5537	-17.1031	
-40.0000	-85.0535	-14.4384	
-35.0000	-87.9188	-9.0303	
-30.0000	-90.1754	14.9257	
-25.0000	-83.5969	48.1077	
-20.0000	-88.0358	18.9158	
-15.0000	-86.8915	102.4881	
-10.0000	-82.7697	84.4599	
-5.0000	-81.1996	72.6250	
0.0000	-82.6864	60.8144	
5.0000	-84.3112	70.7878	
10.0000	-83.6361	56.9663	
15.0000	-81.0325	35.8857	
20.0000	-81.0294	50.6727	
25.0000	-80.4947	88.4552	
30.0000	-83.4851	97.4213	
35.0000	-79.5703	90.6081	
40.0000	-80.8040	114.0905	
45.0000	-84.7785	86.2075	
50.0000	-81.5472	87.5519	
55.0000	-85.6472	79.1651	
60.0000	-85.4390	90.1712	
65.0000	-83.4515	101.4412	
70.0000	-89.0763	82.5656	
75.0000	-84.1938	67.7724	
80.0000	-81.7119	52.2515	
85.0000	-79.0743	43.1517	
90.0000	-79.3523	50.5229	
95.0000	-80.4081	5.5616	
100.0000	-81.3892	49.4112	
105.0000	-79.6453	76.5339	
110.0000	-83.8519	106.6921	
115.0000	-85.8778	17.6401	
120.0000	-83.3134	61.0914	
125.0000	-82.5386	-66.3929	
130.0000	-85.0618	74.1433	
135.0000	-86.0351	-49.5063	
140.0000	-84.9852	-42.6147	
145.0000	-87.2529	-88.2656	
150.0000	-84.2456	-51.8425	
155.0000	-82.8406	-83.0371	
160.0000	-86.1801	-74.1000	
165.0000	-82.3139	-128.2015	
170.0000	-84.1469	-122.0699	
175.0000	-83.7965	-148.2448	
180.0000	-82.9903	-146.5115	
			
			
			
[Side Lobes Table]
			
No.	Rel Ampl	Azimuth  [deg]	Absolute Ampl
1L	-0.72	-95.00	-76.62
2L	-3.44	-105.00	-79.35
3L	-3.50	-125.00	-79.41
1R	-3.09	-75.00	-79.00
2R	-7.75	-65.00	-83.65
3R	-7.09	-55.00	-82.99
		 	
File Name:	uwb_dipole.rff		
			
Polarizat.	0.000	Phase	
Frequency	4.000 G	 [GHz]	
Roll  	90.000	[deg]	
Ch.	Channel1		
Beam			
Switch			
Dir	0.00	dBi	
Azimuth  [deg]	Amplitude (dB)	Phase [Deg]	
-180.0000	-89.8500	117.9719	
-175.0000	-87.0605	116.0492	
-170.0000	-89.1717	116.6985	
-165.0000	-88.4341	-17.3177	
-160.0000	-96.8821	94.0528	
-155.0000	-83.8996	59.2067	
-150.0000	-92.9821	-10.1556	
-145.0000	-102.9597	111.6257	
-140.0000	-91.5715	-74.9357	
-135.0000	-93.3310	-126.3771	
-130.0000	-92.0418	-48.7441	
-125.0000	-84.0598	-146.6440	
-120.0000	-85.4212	-114.3327	
-115.0000	-86.7991	-129.7018	
-110.0000	-89.8101	-156.1867	
-105.0000	-79.3114	-152.5119	
-100.0000	-84.8758	-151.9657	
-95.0000	-79.4270	-176.7944	
-90.0000	-94.5610	79.1575	
-85.0000	-78.1355	-140.6021	
-80.0000	-86.5927	-156.4324	
-75.0000	-82.6968	-131.5511	
-70.0000	-94.5534	36.9860	
-65.0000	-102.0671	-169.6006	
-60.0000	-89.9434	84.5643	
-55.0000	-99.3732	-152.4537	
-50.0000	-90.2000	83.6068	
-45.0000	-92.6036	108.0399	
-40.0000	-97.3536	16.6143	
-35.0000	-105.4835	-155.5113	
-30.0000	-87.3872	135.9090	
-25.0000	-90.7122	83.9061	
-20.0000	-86.0611	172.6796	
-15.0000	-83.9246	136.0897	
-10.0000	-86.2101	119.5142	
-5.0000	-90.9195	68.6771	
0.0000	-103.8127	-17.8500	
5.0000	-95.1189	-94.7541	
10.0000	-87.0203	-25.5563	
15.0000	-85.8710	-21.3086	
20.0000	-98.0400	81.7060	
25.0000	-85.5845	166.5609	
30.0000	-91.5018	132.1095	
35.0000	-84.7481	134.3563	
40.0000	-89.1352	178.6934	
45.0000	-104.1757	-169.8035	
50.0000	-94.7152	-171.2325	
55.0000	-100.6192	74.8620	
60.0000	-92.6301	-115.9293	
65.0000	-85.5269	-176.5906	
70.0000	-88.4652	-147.5098	
75.0000	-108.7380	83.1134	
80.0000	-87.1163	36.5011	
85.0000	-85.3505	35.6789	
90.0000	-98.8246	88.5888	
95.0000	-81.1905	23.7113	
100.0000	-83.9815	51.8492	
105.0000	-84.4214	136.5376	
110.0000	-81.9732	-178.7497	
115.0000	-90.3382	138.5001	
120.0000	-79.3053	157.0945	
125.0000	-89.3503	16.3724	
130.0000	-83.1766	156.1426	
135.0000	-90.0651	-174.9194	
140.0000	-91.6545	137.4792	
145.0000	-90.5834	-156.3279	
150.0000	-86.5738	155.7349	
155.0000	-94.4800	-67.5369	
160.0000	-84.8243	126.2370	
165.0000	-82.4754	177.8869	
170.0000	-86.8726	161.2061	
175.0000	-85.9077	152.8722	
180.0000	-91.1164	116.4828	
			
			
			
[Side Lobes Table]
			
No.	Rel Ampl	Azimuth  [deg]	Absolute Ampl
1L	-1.29	-95.00	-79.43
2L	-1.18	-105.00	-79.31
3L	-5.92	-125.00	-84.06
1R	-4.56	-75.00	-82.70
2R	-11.81	-60.00	-89.94
3R	-12.06	-50.00	-90.20
		 	
File Name:	uwb_dipole.rff		
			
Polarizat.	0.000	Phase	
Frequency	4.000 G	 [GHz]	
Roll  	95.000	[deg]	
Ch.	Channel1		
Beam			
Switch			
Dir	0.00	dBi	
Azimuth  [deg]	Amplitude (dB)	Phase [Deg]	
-180.0000	-81.0306	88.2780	
-175.0000	-80.7887	72.1899	
-170.0000	-82.5273	100.3818	
-165.0000	-86.5385	52.7900	
-160.0000	-83.9509	53.4833	
-155.0000	-77.6044	70.8114	
-150.0000	-81.0055	54.9187	
-145.0000	-90.4002	77.3131	
-140.0000	-85.5488	39.5257	
-135.0000	-91.7610	30.3969	
-130.0000	-89.4375	54.5387	
-125.0000	-94.3680	-24.8157	
-120.0000	-84.1559	25.9193	
-115.0000	-89.1960	33.7868	
-110.0000	-96.5827	107.7809	
-105.0000	-83.3821	-99.4717	
-100.0000	-79.2958	156.4936	
-95.0000	-77.6183	150.0408	
-90.0000	-76.0533	132.6176	
-85.0000	-88.1418	-149.3425	
-80.0000	-82.2788	169.4171	
-75.0000	-88.0372	-145.2225	
-70.0000	-82.0960	133.4191	
-65.0000	-85.2422	119.8023	
-60.0000	-82.0066	126.1836	
-55.0000	-87.6228	119.3260	
-50.0000	-81.4910	133.5298	
-45.0000	-84.0738	135.1037	
-40.0000	-86.0434	129.2339	
-35.0000	-87.9519	165.7681	
-30.0000	-82.0263	175.7370	
-25.0000	-82.8915	144.7260	
-20.0000	-83.2722	-173.1405	
-15.0000	-79.8684	168.5156	
-10.0000	-83.7479	168.8942	
-5.0000	-88.8278	-161.4055	
0.0000	-84.4682	-106.6362	
5.0000	-81.9516	-107.6210	
10.0000	-81.3179	-86.0082	
15.0000	-80.1911	-77.9495	
20.0000	-82.7261	-106.3599	
25.0000	-81.8144	-143.9035	
30.0000	-82.4783	-127.2025	
35.0000	-84.6001	-145.4927	
40.0000	-80.7501	-133.0282	
45.0000	-81.7320	-116.2375	
50.0000	-81.6891	-116.3032	
55.0000	-82.9521	-103.6071	
60.0000	-80.4423	-128.5849	
65.0000	-82.8332	-127.7399	
70.0000	-78.2384	-136.3283	
75.0000	-82.4998	-117.1432	
80.0000	-87.5802	-78.6515	
85.0000	-91.4000	-124.4036	
90.0000	-90.9216	-170.6069	
95.0000	-85.7284	-73.4038	
100.0000	-85.7476	176.1588	
105.0000	-79.2844	146.0548	
110.0000	-78.3711	168.5043	
115.0000	-80.3527	-166.0162	
120.0000	-77.7665	152.6945	
125.0000	-79.5290	-168.8545	
130.0000	-77.9341	142.9519	
135.0000	-80.4185	156.4884	
140.0000	-81.4534	152.4085	
145.0000	-80.1860	154.5668	
150.0000	-79.0889	122.6952	
155.0000	-82.3609	161.9834	
160.0000	-79.3379	98.8396	
165.0000	-76.3316	136.8164	
170.0000	-80.4571	137.9473	
175.0000	-81.0759	109.5534	
180.0000	-81.6122	87.6532	
			
			
			
[Side Lobes Table]
			
No.	Rel Ampl	Azimuth  [deg]	Absolute Ampl
1L	-8.10	-120.00	-84.16
2L	-13.38	-130.00	-89.44
3L	-9.50	-140.00	-85.55
1R	-6.23	-80.00	-82.28
2R	-6.04	-70.00	-82.10
3R	-5.95	-60.00	-82.01
		 	
File Name:	uwb_dipole.rff		
			
Polarizat.	0.000	Phase	
Frequency	4.000 G	 [GHz]	
Roll  	100.000	[deg]	
Ch.	Channel1		
Beam			
Switch			
Dir	0.00	dBi	
Azimuth  [deg]	Amplitude (dB)	Phase [Deg]	
-180.0000	-75.8531	65.7266	
-175.0000	-77.0327	70.9200	
-170.0000	-81.0218	91.7607	
-165.0000	-82.3943	51.9253	
-160.0000	-77.0503	67.3673	
-155.0000	-75.0804	60.1893	
-150.0000	-79.2265	54.2619	
-145.0000	-80.1841	64.7875	
-140.0000	-80.6539	29.2960	
-135.0000	-80.1271	37.0629	
-130.0000	-77.0378	40.1187	
-125.0000	-77.6523	50.2050	
-120.0000	-77.2305	23.8762	
-115.0000	-80.1239	19.9958	
-110.0000	-81.8063	51.8436	
-105.0000	-83.4442	-165.8019	
-100.0000	-79.7569	146.5606	
-95.0000	-75.9516	141.8517	
-90.0000	-73.8487	115.9749	
-85.0000	-80.2094	136.6374	
-80.0000	-81.5408	143.3116	
-75.0000	-80.7794	153.0506	
-70.0000	-80.0324	114.9713	
-65.0000	-77.5639	124.6370	
-60.0000	-78.1537	125.0390	
-55.0000	-79.5162	137.9283	
-50.0000	-77.8430	135.9539	
-45.0000	-78.4493	141.2948	
-40.0000	-81.1769	150.3893	
-35.0000	-80.8085	-176.7937	
-30.0000	-77.0326	168.4715	
-25.0000	-80.5947	172.5822	
-20.0000	-76.4847	-170.6853	
-15.0000	-78.1857	179.4146	
-10.0000	-80.5621	-155.8688	
-5.0000	-81.3073	-125.3607	
0.0000	-77.3205	-109.0729	
5.0000	-75.7478	-107.8905	
10.0000	-76.4533	-94.7980	
15.0000	-76.7775	-98.4047	
20.0000	-77.6592	-116.8467	
25.0000	-75.4596	-123.1456	
30.0000	-76.9997	-114.6678	
35.0000	-76.0017	-130.5415	
40.0000	-75.5967	-119.1526	
45.0000	-76.0987	-118.3395	
50.0000	-75.8232	-113.7592	
55.0000	-77.7686	-118.7188	
60.0000	-74.3191	-113.7834	
65.0000	-75.3801	-132.1244	
70.0000	-74.5210	-118.6129	
75.0000	-76.8689	-126.0593	
80.0000	-82.0580	-126.7690	
85.0000	-80.9915	-118.7963	
90.0000	-79.3565	-135.4901	
95.0000	-92.6773	-175.4575	
100.0000	-79.9928	-161.5479	
105.0000	-75.4366	-179.3743	
110.0000	-73.7782	-175.6732	
115.0000	-78.0623	170.2354	
120.0000	-72.6558	169.9570	
125.0000	-78.0086	157.5980	
130.0000	-74.2969	159.4745	
135.0000	-76.5744	149.8683	
140.0000	-75.3588	139.8129	
145.0000	-77.2896	134.7677	
150.0000	-73.3785	135.8425	
155.0000	-79.6307	110.2757	
160.0000	-72.9431	109.7494	
165.0000	-73.6517	131.5759	
170.0000	-77.4407	112.8742	
175.0000	-76.9607	86.6725	
180.0000	-75.9134	65.6617	
			
			
			
[Side Lobes Table]
			
No.	Rel Ampl	Azimuth  [deg]	Absolute Ampl
1L	-1.12	110.00	-73.78
2L	-6.70	90.00	-79.36
3L	-1.87	70.00	-74.52
1R	-1.64	130.00	-74.30
2R	-2.70	140.00	-75.36
3R	-0.72	150.00	-73.38
		 	
File Name:	uwb_dipole.rff		
			
Polarizat.	0.000	Phase	
Frequency	4.000 G	 [GHz]	
Roll  	105.000	[deg]	
Ch.	Channel1		
Beam			
Switch			
Dir	0.00	dBi	
Azimuth  [deg]	Amplitude (dB)	Phase [Deg]	
-180.0000	-73.3051	67.7701	
-175.0000	-73.0469	58.2095	
-170.0000	-76.9028	74.2118	
-165.0000	-79.3464	72.5428	
-160.0000	-75.6059	70.6825	
-155.0000	-72.9411	63.4344	
-150.0000	-75.6100	55.2113	
-145.0000	-78.6494	52.0417	
-140.0000	-75.9849	39.6400	
-135.0000	-76.2668	33.1205	
-130.0000	-75.0604	42.1931	
-125.0000	-74.7129	42.7121	
-120.0000	-72.5441	37.0858	
-115.0000	-74.6258	35.9296	
-110.0000	-78.1325	59.1953	
-105.0000	-80.3120	28.1365	
-100.0000	-79.9284	104.1082	
-95.0000	-75.0249	135.5343	
-90.0000	-71.2657	135.3481	
-85.0000	-76.1813	114.2019	
-80.0000	-77.7433	128.0976	
-75.0000	-78.2692	126.3063	
-70.0000	-76.2859	115.6485	
-65.0000	-74.3386	130.7925	
-60.0000	-76.0032	123.3925	
-55.0000	-75.5059	130.1602	
-50.0000	-75.4827	144.6830	
-45.0000	-75.1680	144.4011	
-40.0000	-76.7479	150.1847	
-35.0000	-79.2376	169.0492	
-30.0000	-74.6862	-179.5969	
-25.0000	-76.1266	167.1624	
-20.0000	-75.2361	-167.4584	
-15.0000	-74.8259	-175.2594	
-10.0000	-76.5820	-158.0105	
-5.0000	-77.6026	-134.8926	
0.0000	-74.8418	-111.5584	
5.0000	-73.1164	-111.2399	
10.0000	-73.7039	-104.3847	
15.0000	-73.7887	-97.8717	
20.0000	-73.3847	-110.8875	
25.0000	-72.4229	-120.5922	
30.0000	-72.5277	-115.6280	
35.0000	-73.2291	-126.1091	
40.0000	-71.8752	-121.5496	
45.0000	-72.9278	-122.2900	
50.0000	-72.3994	-119.1071	
55.0000	-73.2720	-112.6236	
60.0000	-71.7376	-126.4496	
65.0000	-73.1124	-115.9429	
70.0000	-71.0683	-124.9786	
75.0000	-74.3443	-129.2547	
80.0000	-75.6502	-120.0420	
85.0000	-74.6684	-132.8783	
90.0000	-77.0505	-143.3180	
95.0000	-78.5034	-127.0583	
100.0000	-74.6997	-166.2305	
105.0000	-73.5663	172.1500	
110.0000	-72.5928	179.4400	
115.0000	-73.4138	-164.1925	
120.0000	-71.2624	160.8556	
125.0000	-73.0014	173.8849	
130.0000	-72.2313	146.3824	
135.0000	-73.4029	153.0166	
140.0000	-73.1630	141.6372	
145.0000	-73.4443	140.5364	
150.0000	-71.3160	124.3513	
155.0000	-74.4343	138.5341	
160.0000	-71.6689	98.1576	
165.0000	-70.2316	120.7446	
170.0000	-74.1170	119.1321	
175.0000	-74.3528	88.7242	
180.0000	-73.2356	66.5796	
			
			
			
[Side Lobes Table]
			
No.	Rel Ampl	Azimuth  [deg]	Absolute Ampl
1L	-1.08	150.00	-71.32
2L	-2.93	140.00	-73.16
3L	-2.00	130.00	-72.23
		 	
File Name:	uwb_dipole.rff		
			
Polarizat.	0.000	Phase	
Frequency	4.000 G	 [GHz]	
Roll  	110.000	[deg]	
Ch.	Channel1		
Beam			
Switch			
Dir	0.00	dBi	
Azimuth  [deg]	Amplitude (dB)	Phase [Deg]	
-180.0000	-70.6382	58.0800	
-175.0000	-72.1087	58.9448	
-170.0000	-77.0261	80.3650	
-165.0000	-76.0924	76.5520	
-160.0000	-72.0052	69.7487	
-155.0000	-72.3052	57.8580	
-150.0000	-74.7782	54.9287	
-145.0000	-75.8462	50.1573	
-140.0000	-74.4696	34.7357	
-135.0000	-74.0499	40.5395	
-130.0000	-72.4114	46.7127	
-125.0000	-71.5402	52.1923	
-120.0000	-71.4133	38.1651	
-115.0000	-73.8245	36.4834	
-110.0000	-72.7198	63.1966	
-105.0000	-79.1986	64.2477	
-100.0000	-81.5815	116.1575	
-95.0000	-73.1306	125.3183	
-90.0000	-70.6012	113.2893	
-85.0000	-73.7155	122.0484	
-80.0000	-74.1755	125.7294	
-75.0000	-74.7897	120.5113	
-70.0000	-75.4835	125.3445	
-65.0000	-71.5419	123.4376	
-60.0000	-73.6530	139.7998	
-55.0000	-73.7870	130.4804	
-50.0000	-72.8380	148.3640	
-45.0000	-73.9397	148.6192	
-40.0000	-74.6464	156.0710	
-35.0000	-75.8471	-176.7293	
-30.0000	-72.3181	175.4324	
-25.0000	-75.0475	-176.3874	
-20.0000	-72.1646	-166.3722	
-15.0000	-74.0817	-165.2930	
-10.0000	-74.7078	-143.5032	
-5.0000	-74.0648	-119.9932	
0.0000	-71.6574	-112.7700	
5.0000	-71.2152	-109.7202	
10.0000	-71.6652	-101.6412	
15.0000	-71.4886	-108.4045	
20.0000	-70.4261	-117.1197	
25.0000	-69.6626	-116.4347	
30.0000	-70.8244	-114.9038	
35.0000	-69.7390	-124.7857	
40.0000	-70.0850	-118.6918	
45.0000	-70.0485	-122.2591	
50.0000	-70.1158	-117.0648	
55.0000	-71.2082	-120.5612	
60.0000	-69.1028	-115.7628	
65.0000	-71.0347	-127.6453	
70.0000	-70.0155	-120.6471	
75.0000	-70.4000	-137.3871	
80.0000	-73.3490	-138.9092	
85.0000	-73.8923	-125.3361	
90.0000	-72.9741	-147.4208	
95.0000	-76.3158	-164.5139	
100.0000	-73.7130	-164.1665	
105.0000	-70.2596	-176.8698	
110.0000	-69.5853	-179.2117	
115.0000	-73.3383	169.4648	
120.0000	-69.1740	168.8072	
125.0000	-71.6720	156.0322	
130.0000	-69.7167	153.4323	
135.0000	-71.3720	143.1685	
140.0000	-70.1259	139.4583	
145.0000	-71.5990	126.6343	
150.0000	-68.9321	129.6460	
155.0000	-72.6552	109.8061	
160.0000	-68.4288	105.5921	
165.0000	-69.7086	124.9970	
170.0000	-72.9837	102.6238	
175.0000	-71.9215	75.6715	
180.0000	-70.5027	57.7098	
			
			
			
[Side Lobes Table]
			
No.	Rel Ampl	Azimuth  [deg]	Absolute Ampl
1L	-0.50	150.00	-68.93
2L	-1.70	140.00	-70.13
3L	-1.29	130.00	-69.72
		 	
File Name:	uwb_dipole.rff		
			
Polarizat.	0.000	Phase	
Frequency	4.000 G	 [GHz]	
Roll  	115.000	[deg]	
Ch.	Channel1		
Beam			
Switch			
Dir	0.00	dBi	
Azimuth  [deg]	Amplitude (dB)	Phase [Deg]	
-180.0000	-69.2392	61.3274	
-175.0000	-69.4169	54.7814	
-170.0000	-73.7298	63.9242	
-165.0000	-75.0029	83.7877	
-160.0000	-71.6755	79.2760	
-155.0000	-70.6881	62.2057	
-150.0000	-73.3843	57.5278	
-145.0000	-74.5601	47.1398	
-140.0000	-73.4127	47.6180	
-135.0000	-72.7362	43.6429	
-130.0000	-72.0722	51.6887	
-125.0000	-71.1257	49.2244	
-120.0000	-69.6260	43.8853	
-115.0000	-71.3049	46.7271	
-110.0000	-72.2878	69.8870	
-105.0000	-71.8094	43.8147	
-100.0000	-75.6977	75.4234	
-95.0000	-71.5239	120.3926	
-90.0000	-71.1433	123.7310	
-85.0000	-71.9771	121.0283	
-80.0000	-72.1404	114.7316	
-75.0000	-72.9729	115.1503	
-70.0000	-72.6952	113.9767	
-65.0000	-70.4280	131.2601	
-60.0000	-73.6178	132.6848	
-55.0000	-70.6705	130.9588	
-50.0000	-72.6360	155.3046	
-45.0000	-71.7249	147.5204	
-40.0000	-72.1387	158.9032	
-35.0000	-75.4429	166.2886	
-30.0000	-70.9247	-174.5471	
-25.0000	-72.8970	174.2258	
-20.0000	-71.5576	-160.1992	
-15.0000	-71.6319	-164.8976	
-10.0000	-72.8218	-148.4154	
-5.0000	-72.4941	-128.8596	
0.0000	-70.7900	-115.6826	
5.0000	-69.6832	-111.1758	
10.0000	-69.7964	-106.9086	
15.0000	-70.0740	-106.1248	
20.0000	-69.3377	-115.4020	
25.0000	-67.9162	-117.0885	
30.0000	-68.1844	-113.5789	
35.0000	-68.1672	-122.6877	
40.0000	-67.5149	-120.0108	
45.0000	-68.1915	-123.5934	
50.0000	-67.7393	-119.3346	
55.0000	-68.7012	-117.0838	
60.0000	-68.1154	-126.4036	
65.0000	-69.3207	-117.1462	
70.0000	-67.8359	-131.3999	
75.0000	-69.6155	-139.4107	
80.0000	-70.1732	-129.8663	
85.0000	-69.8014	-142.3199	
90.0000	-71.0205	-155.5551	
95.0000	-72.9671	-142.8036	
100.0000	-70.0134	-170.0493	
105.0000	-69.1036	176.7231	
110.0000	-69.6032	177.4463	
115.0000	-69.3873	-173.1056	
120.0000	-67.6391	162.0146	
125.0000	-69.9282	161.8896	
130.0000	-68.1163	147.5872	
135.0000	-69.8043	148.1967	
140.0000	-68.7855	136.3271	
145.0000	-69.4048	136.2431	
150.0000	-67.9433	122.6451	
155.0000	-70.1156	124.2671	
160.0000	-68.1080	99.6679	
165.0000	-67.0123	115.5378	
170.0000	-70.7641	112.6810	
175.0000	-70.7787	80.7800	
180.0000	-69.3105	61.4458	
			
			
			
[Side Lobes Table]
			
No.	Rel Ampl	Azimuth  [deg]	Absolute Ampl
1L	-0.93	150.00	-67.94
2L	-1.77	140.00	-68.79
3L	-1.10	130.00	-68.12
		 	
File Name:	uwb_dipole.rff		
			
Polarizat.	0.000	Phase	
Frequency	4.000 G	 [GHz]	
Roll  	120.000	[deg]	
Ch.	Channel1		
Beam			
Switch			
Dir	0.00	dBi	
Azimuth  [deg]	Amplitude (dB)	Phase [Deg]	
-180.0000	-67.6120	56.6640	
-175.0000	-69.2793	55.5504	
-170.0000	-74.1111	76.7856	
-165.0000	-72.0142	87.9907	
-160.0000	-69.3095	78.1246	
-155.0000	-71.9307	64.1795	
-150.0000	-73.5411	61.2621	
-145.0000	-75.0594	53.4970	
-140.0000	-72.8192	52.8154	
-135.0000	-72.4534	54.3061	
-130.0000	-70.6890	58.2894	
-125.0000	-69.7303	57.7045	
-120.0000	-70.1177	50.4900	
-115.0000	-71.1687	54.5366	
-110.0000	-68.6085	68.1903	
-105.0000	-74.9530	68.1789	
-100.0000	-75.0727	99.0117	
-95.0000	-71.2506	97.5565	
-90.0000	-69.6692	123.3735	
-85.0000	-69.9757	113.5472	
-80.0000	-71.7616	123.2678	
-75.0000	-71.0351	117.3986	
-70.0000	-72.3464	125.7652	
-65.0000	-69.3854	124.5730	
-60.0000	-70.0546	146.0670	
-55.0000	-71.6705	134.6787	
-50.0000	-69.5823	152.1196	
-45.0000	-71.4362	159.9506	
-40.0000	-71.4749	155.9850	
-35.0000	-72.2915	-167.6641	
-30.0000	-69.7458	178.7108	
-25.0000	-71.7445	-165.2659	
-20.0000	-69.6857	-161.6126	
-15.0000	-70.9891	-154.3522	
-10.0000	-71.0590	-139.0834	
-5.0000	-70.6949	-121.9779	
0.0000	-68.9317	-113.0056	
5.0000	-68.1961	-111.1872	
10.0000	-68.8314	-109.0140	
15.0000	-68.8295	-113.4009	
20.0000	-67.1880	-117.7808	
25.0000	-66.2532	-114.2180	
30.0000	-67.0250	-115.5897	
35.0000	-66.0727	-123.0119	
40.0000	-66.5237	-119.0950	
45.0000	-66.3029	-123.9842	
50.0000	-66.6841	-119.5762	
55.0000	-67.7630	-123.5795	
60.0000	-66.4394	-122.0804	
65.0000	-68.0531	-132.8897	
70.0000	-66.7908	-128.6363	
75.0000	-66.8144	-140.2177	
80.0000	-69.8631	-147.5211	
85.0000	-69.3594	-146.8295	
90.0000	-68.4330	-150.0371	
95.0000	-71.5607	-174.7566	
100.0000	-69.1014	-169.7792	
105.0000	-66.9934	-176.7716	
110.0000	-66.9509	173.9821	
115.0000	-69.4950	161.8381	
120.0000	-66.7388	169.1927	
125.0000	-68.1410	148.4163	
130.0000	-66.9042	149.6537	
135.0000	-68.2930	136.9500	
140.0000	-66.9785	134.4413	
145.0000	-67.9257	126.2994	
150.0000	-66.5738	125.2189	
155.0000	-68.7984	108.7291	
160.0000	-65.7555	103.5150	
165.0000	-67.1926	119.1824	
170.0000	-70.2749	97.6416	
175.0000	-69.1357	70.8823	
180.0000	-67.6347	55.9694	
			
			
			
[Side Lobes Table]
			
No.	Rel Ampl	Azimuth  [deg]	Absolute Ampl
1L	-0.82	150.00	-66.57
2L	-1.22	140.00	-66.98
3L	-1.15	130.00	-66.90
		 	
File Name:	uwb_dipole.rff		
			
Polarizat.	0.000	Phase	
Frequency	4.000 G	 [GHz]	
Roll  	125.000	[deg]	
Ch.	Channel1		
Beam			
Switch			
Dir	0.00	dBi	
Azimuth  [deg]	Amplitude (dB)	Phase [Deg]	
-180.0000	-67.0396	59.3125	
-175.0000	-67.1430	52.6605	
-170.0000	-71.1892	61.1663	
-165.0000	-71.7186	89.6343	
-160.0000	-68.2157	87.8810	
-155.0000	-69.2407	73.6298	
-150.0000	-72.1525	80.8319	
-145.0000	-73.4274	67.1603	
-140.0000	-72.0993	80.4256	
-135.0000	-70.7643	68.5414	
-130.0000	-69.8456	71.6045	
-125.0000	-69.1128	60.8741	
-120.0000	-68.8821	53.5832	
-115.0000	-70.0565	60.5414	
-110.0000	-69.6365	80.2462	
-105.0000	-70.3584	56.2450	
-100.0000	-70.5126	83.5681	
-95.0000	-69.8907	107.1795	
-90.0000	-70.2303	127.1031	
-85.0000	-69.5108	109.4264	
-80.0000	-70.9097	122.5627	
-75.0000	-69.8550	113.6926	
-70.0000	-70.2965	123.3960	
-65.0000	-68.5468	131.2735	
-60.0000	-71.2915	139.2963	
-55.0000	-68.9272	134.0744	
-50.0000	-69.8920	158.0403	
-45.0000	-70.7357	158.3979	
-40.0000	-69.1689	160.3937	
-35.0000	-73.5603	178.8070	
-30.0000	-68.6515	-173.8048	
-25.0000	-70.7706	-174.0801	
-20.0000	-69.1828	-157.4001	
-15.0000	-69.4647	-157.6315	
-10.0000	-69.9357	-144.0146	
-5.0000	-69.7105	-126.2548	
0.0000	-68.1349	-115.3197	
5.0000	-67.2503	-111.6730	
10.0000	-67.5275	-109.9434	
15.0000	-67.9401	-112.4980	
20.0000	-66.8165	-118.8427	
25.0000	-65.1308	-117.3396	
30.0000	-65.5554	-114.2190	
35.0000	-65.5725	-123.7369	
40.0000	-65.0391	-120.4220	
45.0000	-65.7581	-125.7472	
50.0000	-65.4860	-122.6771	
55.0000	-66.3411	-123.6683	
60.0000	-66.0184	-132.0105	
65.0000	-66.6847	-127.1120	
70.0000	-65.0093	-138.0566	
75.0000	-67.0509	-144.2935	
80.0000	-68.0189	-141.2621	
85.0000	-66.5962	-153.8987	
90.0000	-67.3241	-158.3589	
95.0000	-69.8962	-161.2973	
100.0000	-66.4119	-174.4361	
105.0000	-66.2616	171.1423	
110.0000	-66.8630	174.6198	
115.0000	-67.2082	179.6908	
120.0000	-64.9802	158.6507	
125.0000	-67.4735	150.4431	
130.0000	-65.8107	142.8612	
135.0000	-67.0986	140.5556	
140.0000	-66.2311	130.3677	
145.0000	-66.3726	131.0315	
150.0000	-65.7086	119.0476	
155.0000	-67.0042	120.8997	
160.0000	-65.6276	98.5615	
165.0000	-64.9634	113.0390	
170.0000	-68.8718	106.2505	
175.0000	-68.5733	76.6458	
180.0000	-67.0021	59.8180	
			
			
			
[Side Lobes Table]
			
No.	Rel Ampl	Azimuth  [deg]	Absolute Ampl
1L	-0.75	150.00	-65.71
2L	-1.27	140.00	-66.23
3L	-0.85	130.00	-65.81
		 	
File Name:	uwb_dipole.rff		
			
Polarizat.	0.000	Phase	
Frequency	4.000 G	 [GHz]	
Roll  	130.000	[deg]	
Ch.	Channel1		
Beam			
Switch			
Dir	0.00	dBi	
Azimuth  [deg]	Amplitude (dB)	Phase [Deg]	
-180.0000	-65.6073	54.7769	
-175.0000	-67.5289	52.5956	
-170.0000	-71.6817	71.4707	
-165.0000	-69.2428	92.7281	
-160.0000	-66.8449	82.8396	
-155.0000	-69.7754	80.4410	
-150.0000	-69.8134	84.5106	
-145.0000	-71.2688	82.0455	
-140.0000	-68.7529	79.5587	
-135.0000	-68.7360	70.9331	
-130.0000	-68.1349	67.7912	
-125.0000	-68.8582	62.7054	
-120.0000	-70.1125	65.2535	
-115.0000	-69.1473	74.5297	
-110.0000	-66.7886	72.2790	
-105.0000	-72.1658	88.1751	
-100.0000	-71.3599	88.4366	
-95.0000	-70.1533	97.2736	
-90.0000	-68.0154	118.4964	
-85.0000	-69.9822	117.0892	
-80.0000	-68.7757	123.5577	
-75.0000	-70.4273	128.0586	
-70.0000	-69.6046	124.5712	
-65.0000	-68.8436	130.5107	
-60.0000	-68.8858	150.3361	
-55.0000	-70.1193	144.4777	
-50.0000	-68.9602	155.3016	
-45.0000	-68.8133	168.9866	
-40.0000	-70.8383	161.0226	
-35.0000	-69.6960	-161.0566	
-30.0000	-68.5203	-177.3384	
-25.0000	-69.4071	-156.6290	
-20.0000	-67.9864	-154.9380	
-15.0000	-68.7684	-149.5148	
-10.0000	-69.0232	-135.6509	
-5.0000	-68.0719	-120.6149	
0.0000	-66.8126	-112.8935	
5.0000	-66.2347	-110.9746	
10.0000	-66.9469	-112.1524	
15.0000	-66.9347	-119.0937	
20.0000	-65.2276	-122.5304	
25.0000	-64.2114	-115.2397	
30.0000	-65.1369	-117.6366	
35.0000	-64.2015	-123.8406	
40.0000	-64.8008	-122.2195	
45.0000	-64.5730	-127.7469	
50.0000	-64.9556	-125.9889	
55.0000	-65.4022	-129.9761	
60.0000	-64.6552	-133.2574	
65.0000	-65.6369	-140.0569	
70.0000	-64.9189	-134.1251	
75.0000	-64.7708	-148.6647	
80.0000	-66.5581	-159.0932	
85.0000	-66.8521	-154.4746	
90.0000	-65.9773	-162.0950	
95.0000	-67.1177	178.9545	
100.0000	-66.8702	-176.0392	
105.0000	-64.3001	177.6499	
110.0000	-65.0866	167.6196	
115.0000	-66.8477	156.2909	
120.0000	-65.4414	161.5686	
125.0000	-65.5719	143.5071	
130.0000	-64.8718	140.8976	
135.0000	-66.1411	131.2833	
140.0000	-64.6507	127.2494	
145.0000	-65.8937	122.8597	
150.0000	-64.6374	120.0037	
155.0000	-66.6124	108.9126	
160.0000	-63.9023	103.6956	
165.0000	-65.5671	115.2396	
170.0000	-68.6177	93.7197	
175.0000	-67.0404	66.0689	
180.0000	-65.6243	54.4610	
			
			
			
[Side Lobes Table]
			
No.	Rel Ampl	Azimuth  [deg]	Absolute Ampl
1L	-0.74	150.00	-64.64
2L	-0.75	140.00	-64.65
3L	-0.97	130.00	-64.87
		 	
File Name:	uwb_dipole.rff		
			
Polarizat.	0.000	Phase	
Frequency	4.000 G	 [GHz]	
Roll  	135.000	[deg]	
Ch.	Channel1		
Beam			
Switch			
Dir	0.00	dBi	
Azimuth  [deg]	Amplitude (dB)	Phase [Deg]	
-180.0000	-65.1544	55.8000	
-175.0000	-65.5309	52.0515	
-170.0000	-69.7516	58.6884	
-165.0000	-69.7157	90.9419	
-160.0000	-66.0716	90.3198	
-155.0000	-67.1885	80.7324	
-150.0000	-68.4434	94.0010	
-145.0000	-68.9583	81.2405	
-140.0000	-68.1225	87.7383	
-135.0000	-67.4422	71.7190	
-130.0000	-68.0561	72.2632	
-125.0000	-68.7497	68.7893	
-120.0000	-68.7267	72.4386	
-115.0000	-67.6718	78.6644	
-110.0000	-68.1589	81.7004	
-105.0000	-70.6843	68.6707	
-100.0000	-67.9256	82.2016	
-95.0000	-69.4075	107.2811	
-90.0000	-69.2866	124.4058	
-85.0000	-69.8599	113.5349	
-80.0000	-68.7039	124.8572	
-75.0000	-70.2896	121.1426	
-70.0000	-67.9774	123.2186	
-65.0000	-68.7388	142.2476	
-60.0000	-69.8142	140.7113	
-55.0000	-68.2821	147.3827	
-50.0000	-69.0377	159.4960	
-45.0000	-68.7482	171.3245	
-40.0000	-68.6073	164.5181	
-35.0000	-70.6933	-165.9385	
-30.0000	-67.5993	-170.5405	
-25.0000	-69.0478	-161.9982	
-20.0000	-67.3989	-151.9386	
-15.0000	-67.5033	-151.2046	
-10.0000	-68.0141	-139.1289	
-5.0000	-67.7701	-124.6303	
0.0000	-66.4837	-114.5788	
5.0000	-65.6488	-111.5290	
10.0000	-65.9286	-112.5529	
15.0000	-66.4337	-118.6657	
20.0000	-65.2751	-125.5504	
25.0000	-63.6941	-120.6453	
30.0000	-64.0949	-116.3833	
35.0000	-63.9877	-125.9613	
40.0000	-63.5997	-124.6460	
45.0000	-64.0201	-130.8866	
50.0000	-63.8760	-127.5339	
55.0000	-64.3764	-131.4436	
60.0000	-64.3982	-137.4097	
65.0000	-64.8161	-136.3127	
70.0000	-63.3570	-144.8099	
75.0000	-65.0278	-155.1116	
80.0000	-65.7983	-151.9642	
85.0000	-64.5465	-161.6073	
90.0000	-64.7803	-171.2905	
95.0000	-66.7898	-174.8092	
100.0000	-64.4968	178.2875	
105.0000	-64.0135	164.9274	
110.0000	-65.6802	167.1406	
115.0000	-65.2701	167.7159	
120.0000	-63.5716	153.9696	
125.0000	-65.0692	142.3809	
130.0000	-64.1616	136.4752	
135.0000	-65.3071	136.6790	
140.0000	-64.2668	123.2156	
145.0000	-64.7664	127.1258	
150.0000	-63.9847	114.1475	
155.0000	-65.0965	117.4285	
160.0000	-64.1740	97.3873	
165.0000	-63.8717	109.8572	
170.0000	-67.4949	102.3031	
175.0000	-67.3300	72.2315	
180.0000	-65.2731	56.6713	
			
			
			
[Side Lobes Table]
			
No.	Rel Ampl	Azimuth  [deg]	Absolute Ampl
1L	-0.52	50.00	-63.88
2L	-0.24	40.00	-63.60
3L	-0.34	25.00	-63.69
1R	-1.19	85.00	-64.55
2R	-0.66	105.00	-64.01
3R	-0.21	120.00	-63.57
		 	
File Name:	uwb_dipole.rff		
			
Polarizat.	0.000	Phase	
Frequency	4.000 G	 [GHz]	
Roll  	140.000	[deg]	
Ch.	Channel1		
Beam			
Switch			
Dir	0.00	dBi	
Azimuth  [deg]	Amplitude (dB)	Phase [Deg]	
-180.0000	-64.2677	53.4198	
-175.0000	-66.1701	52.6753	
-170.0000	-70.4699	69.7442	
-165.0000	-67.4199	95.1680	
-160.0000	-65.0746	86.4225	
-155.0000	-67.6673	89.2005	
-150.0000	-66.3926	93.1643	
-145.0000	-68.0748	85.1079	
-140.0000	-66.7366	79.7718	
-135.0000	-67.8866	71.0825	
-130.0000	-68.1206	74.7207	
-125.0000	-68.2982	81.4307	
-120.0000	-68.1169	81.0109	
-115.0000	-68.1256	70.1731	
-110.0000	-67.1431	86.0288	
-105.0000	-68.9032	98.0458	
-100.0000	-72.2586	81.4423	
-95.0000	-68.8026	109.3174	
-90.0000	-68.3176	116.8827	
-85.0000	-68.8763	129.8307	
-80.0000	-69.0159	124.9899	
-75.0000	-68.5159	137.0318	
-70.0000	-70.6367	129.8381	
-65.0000	-67.2367	139.5750	
-60.0000	-68.9490	161.8904	
-55.0000	-68.3578	149.7116	
-50.0000	-68.9635	172.1623	
-45.0000	-67.4951	171.5697	
-40.0000	-70.3327	179.9446	
-35.0000	-67.5449	-161.7705	
-30.0000	-67.9940	-165.9795	
-25.0000	-67.4337	-149.5837	
-20.0000	-66.6223	-148.1780	
-15.0000	-67.1453	-143.6075	
-10.0000	-67.2168	-132.6456	
-5.0000	-66.5236	-119.6500	
0.0000	-65.3169	-112.6459	
5.0000	-64.8577	-112.0362	
10.0000	-65.5742	-116.7348	
15.0000	-65.5679	-125.8787	
20.0000	-63.8522	-126.7526	
25.0000	-63.1239	-119.1531	
30.0000	-64.0287	-121.1372	
35.0000	-62.9267	-127.6875	
40.0000	-63.5320	-126.8088	
45.0000	-63.0270	-132.2077	
50.0000	-63.7305	-132.2352	
55.0000	-63.9838	-137.8751	
60.0000	-63.3063	-140.4715	
65.0000	-64.0575	-148.7967	
70.0000	-63.5970	-143.0461	
75.0000	-63.0874	-156.1729	
80.0000	-64.7848	-168.1912	
85.0000	-64.9187	-167.5577	
90.0000	-64.3365	-172.0942	
95.0000	-64.8424	170.4306	
100.0000	-64.9453	175.2350	
105.0000	-62.7975	170.1509	
110.0000	-63.5196	155.9596	
115.0000	-64.9604	146.4125	
120.0000	-64.0303	152.8215	
125.0000	-64.0750	136.7403	
130.0000	-63.3000	135.7323	
135.0000	-64.7676	122.2923	
140.0000	-63.1897	125.4749	
145.0000	-64.5343	115.6266	
150.0000	-62.9995	116.0470	
155.0000	-65.0085	104.7993	
160.0000	-62.8797	101.3517	
165.0000	-64.5363	111.0898	
170.0000	-67.5018	89.3397	
175.0000	-65.9214	62.3190	
180.0000	-64.1963	52.9314	
			
			
			
[Side Lobes Table]
			
No.	Rel Ampl	Azimuth  [deg]	Absolute Ampl
1L	-1.54	90.00	-64.34
2L	-0.29	75.00	-63.09
3L	-0.51	60.00	-63.31
1R	-1.23	120.00	-64.03
2R	-0.50	130.00	-63.30
3R	-0.39	140.00	-63.19
		 	
File Name:	uwb_dipole.rff		
			
Polarizat.	0.000	Phase	
Frequency	4.000 G	 [GHz]	
Roll  	145.000	[deg]	
Ch.	Channel1		
Beam			
Switch			
Dir	0.00	dBi	
Azimuth  [deg]	Amplitude (dB)	Phase [Deg]	
-180.0000	-64.0191	54.0849	
-175.0000	-64.4605	51.8510	
-170.0000	-68.7389	59.0757	
-165.0000	-68.6535	94.4378	
-160.0000	-64.7388	92.7903	
-155.0000	-65.9031	84.3958	
-150.0000	-65.7116	101.0197	
-145.0000	-66.2032	85.0191	
-140.0000	-66.8583	87.7647	
-135.0000	-67.3111	78.0671	
-130.0000	-68.0767	82.9584	
-125.0000	-68.3305	87.3526	
-120.0000	-67.5164	82.8411	
-115.0000	-67.2510	81.2573	
-110.0000	-68.9618	100.1512	
-105.0000	-69.3951	80.0167	
-100.0000	-68.7500	86.7979	
-95.0000	-68.4308	124.7480	
-90.0000	-70.1922	126.9563	
-85.0000	-68.8444	129.4076	
-80.0000	-69.0090	126.2807	
-75.0000	-69.1363	137.7758	
-70.0000	-69.1352	129.0415	
-65.0000	-67.3857	154.1405	
-60.0000	-71.3206	159.2645	
-55.0000	-66.8162	156.1322	
-50.0000	-69.7510	178.7186	
-45.0000	-67.2089	176.1406	
-40.0000	-68.9489	-178.7543	
-35.0000	-68.0535	-161.2575	
-30.0000	-67.2723	-162.8639	
-25.0000	-67.3094	-151.9969	
-20.0000	-66.1230	-146.7635	
-15.0000	-66.1365	-144.3303	
-10.0000	-66.5094	-135.6878	
-5.0000	-66.2816	-123.4548	
0.0000	-65.1373	-114.9600	
5.0000	-64.4597	-112.5610	
10.0000	-64.7828	-115.7190	
15.0000	-65.1822	-124.1442	
20.0000	-64.0541	-130.7724	
25.0000	-62.6684	-125.0269	
30.0000	-63.2953	-120.7841	
35.0000	-63.0701	-130.3864	
40.0000	-62.6459	-128.6504	
45.0000	-63.0390	-135.6735	
50.0000	-62.9742	-134.0657	
55.0000	-63.2222	-139.8494	
60.0000	-63.1525	-146.5897	
65.0000	-63.5167	-143.8594	
70.0000	-62.3123	-153.1563	
75.0000	-63.3737	-164.8194	
80.0000	-64.3647	-161.8249	
85.0000	-63.1462	-170.7707	
90.0000	-63.4227	-178.3150	
95.0000	-64.6034	175.1596	
100.0000	-63.0470	171.0369	
105.0000	-62.6105	157.4651	
110.0000	-64.4876	157.1893	
115.0000	-64.1623	159.0781	
120.0000	-62.4009	146.7359	
125.0000	-63.7299	132.8682	
130.0000	-62.9508	131.9799	
135.0000	-64.2576	127.3711	
140.0000	-62.8603	120.5548	
145.0000	-64.1753	118.7720	
150.0000	-62.5161	109.9876	
155.0000	-64.0508	113.7184	
160.0000	-63.2193	96.6944	
165.0000	-63.1968	107.7268	
170.0000	-66.6348	98.9265	
175.0000	-66.3689	67.9323	
180.0000	-63.9947	54.4080	
			
			
			
[Side Lobes Table]
			
No.	Rel Ampl	Azimuth  [deg]	Absolute Ampl
1L	-0.84	60.00	-63.15
2L	-0.66	50.00	-62.97
3L	-0.33	40.00	-62.65
1R	-0.83	85.00	-63.15
2R	-0.30	105.00	-62.61
3R	-0.09	120.00	-62.40
		 	
File Name:	uwb_dipole.rff		
			
Polarizat.	0.000	Phase	
Frequency	4.000 G	 [GHz]	
Roll  	150.000	[deg]	
Ch.	Channel1		
Beam			
Switch			
Dir	0.00	dBi	
Azimuth  [deg]	Amplitude (dB)	Phase [Deg]	
-180.0000	-63.3498	52.2996	
-175.0000	-65.3277	51.9830	
-170.0000	-69.6852	71.5146	
-165.0000	-66.2836	99.5514	
-160.0000	-63.9915	89.2130	
-155.0000	-65.9792	94.9797	
-150.0000	-64.0975	96.5385	
-145.0000	-66.5872	88.8301	
-140.0000	-66.3304	88.5906	
-135.0000	-67.8482	86.2107	
-130.0000	-68.0245	91.8169	
-125.0000	-67.2049	94.7332	
-120.0000	-68.1507	88.7154	
-115.0000	-69.1673	82.2745	
-110.0000	-66.6009	98.5926	
-105.0000	-71.2591	114.4520	
-100.0000	-72.7171	112.7370	
-95.0000	-69.3812	115.9507	
-90.0000	-67.6586	139.3893	
-85.0000	-69.1264	134.4554	
-80.0000	-68.8620	144.1189	
-75.0000	-69.1531	143.8269	
-70.0000	-70.1329	155.6289	
-65.0000	-68.2386	148.3709	
-60.0000	-66.8953	176.9496	
-55.0000	-70.1482	160.0744	
-50.0000	-66.8069	-171.8532	
-45.0000	-68.0651	-178.1342	
-40.0000	-68.0961	-161.3294	
-35.0000	-67.0522	-155.0146	
-30.0000	-66.7351	-151.1877	
-25.0000	-66.0520	-143.6013	
-20.0000	-65.5155	-141.4558	
-15.0000	-65.8357	-139.4164	
-10.0000	-65.9696	-129.1672	
-5.0000	-65.2947	-117.9180	
0.0000	-64.2954	-112.2392	
5.0000	-64.0439	-112.9449	
10.0000	-64.6259	-119.6646	
15.0000	-64.5077	-130.3511	
20.0000	-62.8216	-130.6782	
25.0000	-62.3304	-123.0945	
30.0000	-63.4170	-125.7075	
35.0000	-62.3210	-131.7507	
40.0000	-63.0042	-132.0046	
45.0000	-62.3150	-138.4438	
50.0000	-62.8730	-139.3616	
55.0000	-62.7529	-144.0341	
60.0000	-62.3411	-146.4442	
65.0000	-63.3915	-157.3326	
70.0000	-62.6503	-151.8582	
75.0000	-62.0752	-162.5891	
80.0000	-63.6164	-177.2876	
85.0000	-63.4403	-175.4379	
90.0000	-63.2678	178.4507	
95.0000	-63.4788	164.8768	
100.0000	-63.8700	166.0821	
105.0000	-61.8674	163.1370	
110.0000	-62.4669	147.5340	
115.0000	-63.7279	138.1136	
120.0000	-63.5254	144.0778	
125.0000	-62.5628	132.0405	
130.0000	-62.9872	128.3414	
135.0000	-63.2253	116.7258	
140.0000	-63.0017	121.7028	
145.0000	-63.2513	107.9918	
150.0000	-62.1790	112.8624	
155.0000	-64.0561	102.6513	
160.0000	-62.4529	99.5108	
165.0000	-63.9898	106.8389	
170.0000	-67.0304	85.6805	
175.0000	-64.9604	57.6683	
180.0000	-63.3543	51.7836	
			
			
			
[Side Lobes Table]
			
No.	Rel Ampl	Azimuth  [deg]	Absolute Ampl
1L	-1.40	90.00	-63.27
2L	-0.21	75.00	-62.08
3L	-0.47	60.00	-62.34
1R	-0.70	125.00	-62.56
2R	-1.13	140.00	-63.00
3R	-0.31	150.00	-62.18
		 	
File Name:	uwb_dipole.rff		
			
Polarizat.	0.000	Phase	
Frequency	4.000 G	 [GHz]	
Roll  	155.000	[deg]	
Ch.	Channel1		
Beam			
Switch			
Dir	0.00	dBi	
Azimuth  [deg]	Amplitude (dB)	Phase [Deg]	
-180.0000	-63.2818	52.1765	
-175.0000	-63.7962	51.2988	
-170.0000	-67.7608	59.5512	
-165.0000	-67.8093	100.0159	
-160.0000	-63.7525	97.1233	
-155.0000	-64.5431	89.5773	
-150.0000	-63.6572	103.0143	
-145.0000	-64.2934	89.0715	
-140.0000	-65.9331	95.9086	
-135.0000	-67.0953	95.1312	
-130.0000	-67.5662	102.0794	
-125.0000	-66.7430	103.2448	
-120.0000	-67.5984	90.8138	
-115.0000	-68.1488	100.2126	
-110.0000	-68.4763	119.6626	
-105.0000	-72.0750	93.8833	
-100.0000	-69.3459	113.8877	
-95.0000	-68.3076	137.7290	
-90.0000	-68.3056	152.3178	
-85.0000	-69.6974	139.9837	
-80.0000	-68.5666	150.3547	
-75.0000	-70.2928	148.9287	
-70.0000	-68.8201	157.8042	
-65.0000	-67.7080	166.2099	
-60.0000	-68.9196	-175.4398	
-55.0000	-67.6176	165.6325	
-50.0000	-67.3298	-161.2647	
-45.0000	-67.4133	-173.7110	
-40.0000	-67.3672	-158.8145	
-35.0000	-67.2240	-153.4263	
-30.0000	-66.0177	-146.7552	
-25.0000	-65.7082	-144.8941	
-20.0000	-65.1621	-139.6681	
-15.0000	-65.1083	-138.8806	
-10.0000	-65.5385	-131.7768	
-5.0000	-65.1571	-120.2177	
0.0000	-64.1913	-113.6352	
5.0000	-63.7320	-112.2725	
10.0000	-64.0779	-117.2901	
15.0000	-64.4230	-127.3078	
20.0000	-62.9776	-134.9105	
25.0000	-61.9394	-129.4166	
30.0000	-62.8465	-125.9594	
35.0000	-62.5901	-135.9179	
40.0000	-62.2493	-134.1906	
45.0000	-62.3573	-142.3367	
50.0000	-62.2239	-138.8891	
55.0000	-62.5841	-144.9943	
60.0000	-62.6646	-154.1458	
65.0000	-62.9800	-151.9642	
70.0000	-61.4908	-159.4501	
75.0000	-62.8803	-171.2626	
80.0000	-63.5564	-172.5210	
85.0000	-62.1247	-176.8975	
90.0000	-62.7818	172.6292	
95.0000	-63.2664	168.8767	
100.0000	-62.4450	162.0927	
105.0000	-61.5771	152.4041	
110.0000	-64.2452	146.6920	
115.0000	-63.7932	151.0997	
120.0000	-61.9431	139.0548	
125.0000	-62.5931	127.3843	
130.0000	-62.8797	124.7197	
135.0000	-63.0604	119.7655	
140.0000	-62.5006	116.8599	
145.0000	-63.4179	110.7139	
150.0000	-61.8739	106.2619	
155.0000	-63.5349	109.4929	
160.0000	-62.8306	93.9368	
165.0000	-62.6251	103.7269	
170.0000	-66.2862	96.9185	
175.0000	-65.8936	62.6707	
180.0000	-63.2057	52.1882	
			
			
			
[Side Lobes Table]
			
No.	Rel Ampl	Azimuth  [deg]	Absolute Ampl
1L	-0.73	50.00	-62.22
2L	-0.76	40.00	-62.25
3L	-0.45	25.00	-61.94
1R	-0.63	85.00	-62.12
2R	-0.09	105.00	-61.58
3R	-0.45	120.00	-61.94
		 	
File Name:	uwb_dipole.rff		
			
Polarizat.	0.000	Phase	
Frequency	4.000 G	 [GHz]	
Roll  	160.000	[deg]	
Ch.	Channel1		
Beam			
Switch			
Dir	0.00	dBi	
Azimuth  [deg]	Amplitude (dB)	Phase [Deg]	
-180.0000	-62.7524	50.9144	
-175.0000	-64.7427	53.1210	
-170.0000	-69.1417	76.5251	
-165.0000	-65.2694	106.1046	
-160.0000	-63.0071	93.2809	
-155.0000	-64.2803	96.5135	
-150.0000	-62.3821	96.7962	
-145.0000	-65.1719	92.8619	
-140.0000	-65.4976	101.5967	
-135.0000	-66.3130	107.9446	
-130.0000	-65.9106	108.0557	
-125.0000	-66.6205	101.4372	
-120.0000	-69.3757	118.0210	
-115.0000	-68.0613	111.3750	
-110.0000	-67.2278	115.4208	
-105.0000	-69.1585	154.9467	
-100.0000	-70.9225	137.2967	
-95.0000	-69.0512	144.8389	
-90.0000	-66.8011	147.1393	
-85.0000	-68.4313	162.4003	
-80.0000	-68.9308	158.0988	
-75.0000	-68.4275	179.0312	
-70.0000	-69.5872	171.7076	
-65.0000	-68.0354	176.5781	
-60.0000	-66.2473	-172.1847	
-55.0000	-69.0107	-169.4616	
-50.0000	-66.0520	-163.0663	
-45.0000	-67.2294	-156.3232	
-40.0000	-66.5794	-151.8183	
-35.0000	-66.1251	-140.2368	
-30.0000	-64.9878	-142.7506	
-25.0000	-64.9965	-138.2706	
-20.0000	-64.5187	-136.2668	
-15.0000	-64.9248	-135.0095	
-10.0000	-65.1116	-125.7853	
-5.0000	-64.3105	-117.0823	
0.0000	-63.5915	-113.0629	
5.0000	-63.4977	-114.4260	
10.0000	-64.0670	-121.9801	
15.0000	-63.7089	-134.3852	
20.0000	-62.0451	-135.8595	
25.0000	-61.8228	-128.3802	
30.0000	-63.0549	-133.2343	
35.0000	-61.7640	-137.7037	
40.0000	-62.5486	-137.1229	
45.0000	-61.9757	-143.4543	
50.0000	-62.8796	-145.2361	
55.0000	-62.6553	-153.2696	
60.0000	-61.5676	-153.7430	
65.0000	-63.1695	-162.8933	
70.0000	-62.7417	-159.1526	
75.0000	-61.4638	-171.2538	
80.0000	-62.9037	177.2397	
85.0000	-62.9981	177.4302	
90.0000	-62.8248	170.2921	
95.0000	-63.0536	158.5278	
100.0000	-62.7845	159.3055	
105.0000	-62.1570	157.9899	
110.0000	-61.5254	138.1592	
115.0000	-63.4395	129.9829	
120.0000	-63.0368	137.0714	
125.0000	-62.5518	126.6254	
130.0000	-62.4077	119.2519	
135.0000	-62.7239	111.9387	
140.0000	-62.8189	115.9906	
145.0000	-62.7788	101.8901	
150.0000	-61.8258	108.4979	
155.0000	-63.7364	98.7851	
160.0000	-61.9269	94.6202	
165.0000	-63.4478	105.2786	
170.0000	-67.0683	81.1036	
175.0000	-64.3214	53.4719	
180.0000	-62.7250	51.0409	
			
			
			
[Side Lobes Table]
			
No.	Rel Ampl	Azimuth  [deg]	Absolute Ampl
1L	-0.10	60.00	-61.57
2L	-0.51	45.00	-61.98
3L	-0.30	35.00	-61.76
1R	-1.36	90.00	-62.82
2R	-0.06	110.00	-61.53
3R	-0.94	130.00	-62.41
		 	
File Name:	uwb_dipole.rff		
			
Polarizat.	0.000	Phase	
Frequency	4.000 G	 [GHz]	
Roll  	165.000	[deg]	
Ch.	Channel1		
Beam			
Switch			
Dir	0.00	dBi	
Azimuth  [deg]	Amplitude (dB)	Phase [Deg]	
-180.0000	-62.7380	50.8149	
-175.0000	-63.3893	52.2854	
-170.0000	-67.2903	63.4443	
-165.0000	-66.8097	107.3576	
-160.0000	-62.8611	102.3711	
-155.0000	-63.4670	92.0879	
-150.0000	-62.6450	100.3836	
-145.0000	-63.5808	90.1094	
-140.0000	-64.8238	105.0933	
-135.0000	-65.1192	111.6976	
-130.0000	-65.0748	110.6515	
-125.0000	-66.2988	112.0902	
-120.0000	-68.0711	121.6054	
-115.0000	-65.7661	122.0881	
-110.0000	-68.3313	143.8618	
-105.0000	-70.2566	145.2071	
-100.0000	-68.0220	133.0769	
-95.0000	-66.4133	163.0300	
-90.0000	-66.7403	161.7298	
-85.0000	-69.0661	174.3779	
-80.0000	-67.6847	166.9383	
-75.0000	-68.4776	-172.5388	
-70.0000	-67.8494	172.5698	
-65.0000	-66.2705	-167.0361	
-60.0000	-67.6058	-160.4130	
-55.0000	-67.0637	-170.1005	
-50.0000	-66.0642	-150.3506	
-45.0000	-66.6552	-151.6437	
-40.0000	-65.6070	-147.9119	
-35.0000	-66.0424	-139.8188	
-30.0000	-64.3962	-138.2840	
-25.0000	-64.6696	-139.3625	
-20.0000	-64.2681	-133.8624	
-15.0000	-64.2681	-135.2318	
-10.0000	-64.7819	-128.2265	
-5.0000	-64.3194	-118.7759	
0.0000	-63.5336	-113.9857	
5.0000	-63.2961	-113.5428	
10.0000	-63.7393	-118.6937	
15.0000	-63.9344	-130.7059	
20.0000	-62.4892	-139.6619	
25.0000	-61.4429	-133.0846	
30.0000	-62.5527	-131.2319	
35.0000	-62.2092	-139.9329	
40.0000	-62.2736	-137.0371	
45.0000	-62.7739	-147.7257	
50.0000	-62.5930	-146.7517	
55.0000	-62.3392	-153.7220	
60.0000	-62.3279	-159.4890	
65.0000	-63.6188	-156.1472	
70.0000	-61.5586	-169.5008	
75.0000	-62.8878	-178.6678	
80.0000	-63.6729	-179.8646	
85.0000	-62.0725	176.1014	
90.0000	-63.0215	164.4934	
95.0000	-62.6790	160.0556	
100.0000	-62.2478	157.4078	
105.0000	-61.9866	145.9232	
110.0000	-63.7492	135.2684	
115.0000	-63.5822	146.2711	
120.0000	-61.8158	133.7893	
125.0000	-62.7547	118.7824	
130.0000	-62.7566	115.9543	
135.0000	-62.9673	114.1809	
140.0000	-62.5232	112.8997	
145.0000	-63.5531	102.1298	
150.0000	-61.6306	101.6263	
155.0000	-63.4509	104.1476	
160.0000	-62.1919	89.3646	
165.0000	-62.0747	102.4282	
170.0000	-66.5638	95.9588	
175.0000	-65.5006	57.7644	
180.0000	-62.7271	50.5970	
			
			
			
[Side Lobes Table]
			
No.	Rel Ampl	Azimuth  [deg]	Absolute Ampl
1L	-1.85	5.00	-63.30
2L	-2.83	-15.00	-64.27
3L	-2.95	-30.00	-64.40
1R	-0.77	35.00	-62.21
2R	-0.89	60.00	-62.33
3R	-0.12	70.00	-61.56
		 	
File Name:	uwb_dipole.rff		
			
Polarizat.	0.000	Phase	
Frequency	4.000 G	 [GHz]	
Roll  	170.000	[deg]	
Ch.	Channel1		
Beam			
Switch			
Dir	0.00	dBi	
Azimuth  [deg]	Amplitude (dB)	Phase [Deg]	
-180.0000	-62.4751	50.1004	
-175.0000	-64.3673	53.6156	
-170.0000	-68.4656	85.2434	
-165.0000	-64.4046	111.7710	
-160.0000	-62.2732	96.2886	
-155.0000	-63.7248	97.4256	
-150.0000	-62.3443	99.5382	
-145.0000	-64.7660	99.7643	
-140.0000	-64.1408	108.4523	
-135.0000	-64.4075	114.5952	
-130.0000	-65.5366	114.2325	
-125.0000	-66.1875	120.9877	
-120.0000	-66.1877	135.9535	
-115.0000	-68.3461	126.8855	
-110.0000	-65.2833	149.7674	
-105.0000	-66.1736	161.6005	
-100.0000	-67.8878	170.6172	
-95.0000	-66.4552	155.5028	
-90.0000	-66.8964	169.5243	
-85.0000	-65.9016	-178.4476	
-80.0000	-67.6268	-171.1057	
-75.0000	-65.7873	-168.9594	
-70.0000	-67.7462	-155.1284	
-65.0000	-65.9791	-172.2912	
-60.0000	-65.4755	-149.9782	
-55.0000	-66.8214	-152.0635	
-50.0000	-65.2597	-148.4766	
-45.0000	-65.1831	-140.6449	
-40.0000	-65.5200	-140.6691	
-35.0000	-64.3648	-130.7462	
-30.0000	-63.9658	-135.1921	
-25.0000	-64.1153	-132.5457	
-20.0000	-63.6952	-131.2515	
-15.0000	-64.1625	-131.3867	
-10.0000	-64.3883	-123.4838	
-5.0000	-63.7126	-115.8875	
0.0000	-63.2019	-113.1741	
5.0000	-63.3079	-115.0114	
10.0000	-63.9357	-122.7526	
15.0000	-63.4515	-136.9215	
20.0000	-61.7077	-139.5324	
25.0000	-61.6400	-132.1402	
30.0000	-63.1225	-136.6751	
35.0000	-62.1415	-141.0341	
40.0000	-63.4841	-142.8985	
45.0000	-62.2436	-152.8002	
50.0000	-62.6953	-152.8465	
55.0000	-63.0685	-153.5925	
60.0000	-62.4169	-162.7758	
65.0000	-63.6340	-175.8631	
70.0000	-63.1274	-163.3263	
75.0000	-62.0553	-179.7429	
80.0000	-62.8405	171.6055	
85.0000	-64.0996	170.9628	
90.0000	-62.4268	159.1081	
95.0000	-63.6164	157.2032	
100.0000	-63.3250	150.3567	
105.0000	-62.9607	153.5028	
110.0000	-61.4186	133.5241	
115.0000	-64.2912	123.8460	
120.0000	-63.9262	125.5312	
125.0000	-62.6247	120.7689	
130.0000	-62.6204	112.6360	
135.0000	-63.1874	108.9126	
140.0000	-63.5046	106.7732	
145.0000	-62.5690	94.1804	
150.0000	-62.2697	105.0168	
155.0000	-63.5373	91.1853	
160.0000	-61.2267	93.0446	
165.0000	-63.5338	105.9247	
170.0000	-67.6348	77.6256	
175.0000	-63.8657	49.9959	
180.0000	-62.4878	50.2987	
			
			
			
[Side Lobes Table]
			
No.	Rel Ampl	Azimuth  [deg]	Absolute Ampl
1L	-1.04	150.00	-62.27
2L	-1.39	130.00	-62.62
3L	-0.19	110.00	-61.42
		 	
File Name:	uwb_dipole.rff		
			
Polarizat.	0.000	Phase	
Frequency	4.000 G	 [GHz]	
Roll  	175.000	[deg]	
Ch.	Channel1		
Beam			
Switch			
Dir	0.00	dBi	
Azimuth  [deg]	Amplitude (dB)	Phase [Deg]	
-180.0000	-62.5759	48.3179	
-175.0000	-63.3037	51.6153	
-170.0000	-67.0516	67.8061	
-165.0000	-65.9104	111.1114	
-160.0000	-61.9824	105.0971	
-155.0000	-63.0941	95.2916	
-150.0000	-62.6438	103.5168	
-145.0000	-63.6383	95.1790	
-140.0000	-64.1586	111.7219	
-135.0000	-64.3893	116.6005	
-130.0000	-64.5615	116.8739	
-125.0000	-65.5459	126.6338	
-120.0000	-65.9046	139.1774	
-115.0000	-65.2431	136.1712	
-110.0000	-64.8369	164.1066	
-105.0000	-66.9837	160.5835	
-100.0000	-65.5039	161.4347	
-95.0000	-64.6959	163.7659	
-90.0000	-65.1537	-172.6783	
-85.0000	-66.1328	-174.1347	
-80.0000	-66.1619	-168.1956	
-75.0000	-65.2779	-162.2522	
-70.0000	-66.0116	-161.1682	
-65.0000	-63.9407	-160.4627	
-60.0000	-66.5267	-141.2733	
-55.0000	-65.0078	-155.6810	
-50.0000	-64.8810	-138.0791	
-45.0000	-64.6459	-138.8329	
-40.0000	-64.4901	-138.8187	
-35.0000	-64.4852	-130.4340	
-30.0000	-63.3217	-132.9693	
-25.0000	-63.8401	-131.9123	
-20.0000	-63.4270	-129.1953	
-15.0000	-63.5718	-131.2008	
-10.0000	-64.2049	-125.4201	
-5.0000	-63.8170	-118.0101	
0.0000	-63.2069	-114.4475	
5.0000	-63.1349	-114.7333	
10.0000	-63.7691	-120.6877	
15.0000	-63.9481	-133.6659	
20.0000	-62.4405	-142.5150	
25.0000	-61.6165	-135.6244	
30.0000	-63.1578	-134.6623	
35.0000	-63.1028	-147.3369	
40.0000	-63.1417	-146.3774	
45.0000	-62.8177	-157.8844	
50.0000	-62.8589	-150.2335	
55.0000	-63.5777	-158.5860	
60.0000	-63.2093	-171.7902	
65.0000	-64.1914	-164.4931	
70.0000	-62.3244	-174.8799	
75.0000	-63.5949	170.6663	
80.0000	-64.8476	175.1604	
85.0000	-63.2376	165.3600	
90.0000	-62.9445	158.3917	
95.0000	-64.0637	157.3812	
100.0000	-62.9929	146.8098	
105.0000	-63.0604	139.4857	
110.0000	-64.0020	124.2228	
115.0000	-65.4247	142.9866	
120.0000	-62.4298	123.7527	
125.0000	-63.0080	113.4016	
130.0000	-63.5248	110.9670	
135.0000	-64.0511	108.8623	
140.0000	-63.1532	100.1037	
145.0000	-63.1960	95.4600	
150.0000	-62.1744	97.7484	
155.0000	-63.6642	93.8207	
160.0000	-61.5586	86.4764	
165.0000	-62.0796	102.4286	
170.0000	-67.4392	92.1205	
175.0000	-65.4309	51.7903	
180.0000	-62.5302	49.0617	
			
			
			
[Side Lobes Table]
			
No.	Rel Ampl	Azimuth  [deg]	Absolute Ampl
1L	-0.62	150.00	-62.17
2L	-1.59	140.00	-63.15
3L	-0.87	120.00	-62.43
		 	
File Name:	uwb_dipole.rff		
			
Polarizat.	0.000	Phase	
Frequency	4.000 G	 [GHz]	
Roll  	180.000	[deg]	
Ch.	Channel1		
Beam			
Switch			
Dir	0.00	dBi	
Azimuth  [deg]	Amplitude (dB)	Phase [Deg]	
-180.0000	-62.4442	49.4859	
-175.0000	-64.3760	54.9328	
-170.0000	-67.6886	86.5786	
-165.0000	-63.2782	113.6074	
-160.0000	-61.7275	100.8127	
-155.0000	-63.3947	103.5084	
-150.0000	-62.2168	103.1488	
-145.0000	-64.8030	106.7777	
-140.0000	-63.9227	116.5027	
-135.0000	-63.5059	120.9865	
-130.0000	-65.8001	127.5513	
-125.0000	-64.7400	139.2591	
-120.0000	-64.5457	147.9916	
-115.0000	-66.2501	154.0302	
-110.0000	-62.7840	157.8317	
-105.0000	-64.4645	176.2206	
-100.0000	-65.2451	177.5775	
-95.0000	-65.8145	174.7218	
-90.0000	-64.1232	-179.9282	
-85.0000	-64.4312	-163.7333	
-80.0000	-64.5696	-159.5668	
-75.0000	-64.1318	-155.8619	
-70.0000	-64.7253	-147.2958	
-65.0000	-65.6110	-155.6309	
-60.0000	-62.9943	-138.5809	
-55.0000	-65.4978	-141.7190	
-50.0000	-63.6623	-135.8496	
-45.0000	-63.8028	-134.0654	
-40.0000	-64.3370	-130.5559	
-35.0000	-63.2494	-125.3749	
-30.0000	-63.1489	-128.8318	
-25.0000	-63.2049	-127.1529	
-20.0000	-62.9810	-127.6654	
-15.0000	-63.7572	-128.8788	
-10.0000	-63.9334	-121.4481	
-5.0000	-63.3694	-115.8032	
0.0000	-63.1013	-114.2206	
5.0000	-63.4228	-117.0717	
10.0000	-64.1891	-126.0928	
15.0000	-63.7366	-140.3553	
20.0000	-62.0665	-142.3837	
25.0000	-62.5213	-135.5291	
30.0000	-64.2382	-146.3705	
35.0000	-62.6628	-152.2285	
40.0000	-63.6728	-152.5279	
45.0000	-62.9310	-155.9474	
50.0000	-64.5325	-161.3506	
55.0000	-64.0492	-167.3691	
60.0000	-63.0791	-168.0869	
65.0000	-65.0878	171.8311	
70.0000	-64.3669	-172.1465	
75.0000	-63.6757	174.5589	
80.0000	-64.1609	155.9465	
85.0000	-64.7462	165.3411	
90.0000	-64.3820	152.7883	
95.0000	-64.9439	145.4515	
100.0000	-64.8401	141.4155	
105.0000	-63.6513	142.8212	
110.0000	-63.0755	127.6552	
115.0000	-64.5024	106.1101	
120.0000	-64.7175	125.1031	
125.0000	-63.9891	115.8367	
130.0000	-64.1326	103.3799	
135.0000	-63.7853	94.2135	
140.0000	-63.1743	101.4489	
145.0000	-63.3603	91.0298	
150.0000	-63.0314	96.2856	
155.0000	-63.0334	85.0870	
160.0000	-61.2677	92.5764	
165.0000	-64.3385	105.6114	
170.0000	-68.0329	69.3252	
175.0000	-63.9091	47.6809	
180.0000	-62.4298	49.6754	
			
			
			
[Side Lobes Table]
			
No.	Rel Ampl	Azimuth  [deg]	Absolute Ampl
1L	-1.76	150.00	-63.03
2L	-1.91	140.00	-63.17
3L	-2.72	125.00	-63.99
		 	



[Statistics Table]
		Polarizat.	Freq.	Roll  	Ch.	Beam	Switch	Beam Peak [dB]		 	Beam Width [deg]		 	Null Depth [dB]		 				
File Name		[deg]	 [GHz]	[deg]				Value	[deg]		Value	At dB		Value	[deg]				 	 
uwb_dipole.rff		0.000	4.000 G	0.000	Channel1			-61.37	160.00	P	36.40	3.00	P				0.00			
uwb_dipole.rff		0.000	4.000 G	5.000	Channel1			-61.59	160.00	P	58.44	3.00	P				0.00			
uwb_dipole.rff		0.000	4.000 G	10.000	Channel1			-61.11	160.00	P	152.78	3.00	P				0.00			
uwb_dipole.rff		0.000	4.000 G	15.000	Channel1			-61.33	120.00	P	175.55	3.00	P				0.00			
uwb_dipole.rff		0.000	4.000 G	20.000	Channel1			-61.62	160.00	P	175.89	3.00	P				0.00			
uwb_dipole.rff		0.000	4.000 G	25.000	Channel1			-61.01	120.00	P	150.37	3.00	P				0.00			
uwb_dipole.rff		0.000	4.000 G	30.000	Channel1			-62.17	35.00	P	174.92	3.00	P				0.00			
uwb_dipole.rff		0.000	4.000 G	35.000	Channel1			-62.31	120.00	P	172.51	3.00	P				0.00			
uwb_dipole.rff		0.000	4.000 G	40.000	Channel1			-63.19	150.00	P	174.70	3.00	P				0.00			
uwb_dipole.rff		0.000	4.000 G	45.000	Channel1			-63.69	25.00	P	173.25	3.00	P				0.00			
uwb_dipole.rff		0.000	4.000 G	50.000	Channel1			-64.44	25.00	P	119.35	3.00	P				0.00			
uwb_dipole.rff		0.000	4.000 G	55.000	Channel1			-65.12	25.00	P	109.91	3.00	P				0.00			
uwb_dipole.rff		0.000	4.000 G	60.000	Channel1			-66.46	160.00	P	47.81	3.00	P				0.00			
uwb_dipole.rff		0.000	4.000 G	65.000	Channel1			-67.89	25.00	P	112.11	3.00	P				0.00			
uwb_dipole.rff		0.000	4.000 G	70.000	Channel1			-69.84	20.00	P	115.12	3.00	P				0.00			
uwb_dipole.rff		0.000	4.000 G	75.000	Channel1			-72.10	25.00	P	112.93	3.00	P				0.00			
uwb_dipole.rff		0.000	4.000 G	80.000	Channel1			-73.87	-95.00	P	12.93	3.00	P				0.00			
uwb_dipole.rff		0.000	4.000 G	85.000	Channel1			-75.91	-85.00	P	7.89	3.00	P				0.00			
uwb_dipole.rff		0.000	4.000 G	90.000	Channel1			-78.14	-85.00	P	6.06	3.00	P				0.00			
uwb_dipole.rff		0.000	4.000 G	95.000	Channel1			-76.05	-90.00	P	10.52	3.00	P				0.00			
uwb_dipole.rff		0.000	4.000 G	100.000	Channel1			-72.66	120.00	P	7.65	3.00	P				0.00			
uwb_dipole.rff		0.000	4.000 G	105.000	Channel1			-70.23	165.00	P	11.69	3.00	P				0.00			
uwb_dipole.rff		0.000	4.000 G	110.000	Channel1			-68.43	160.00	P	12.54	3.00	P				0.00			
uwb_dipole.rff		0.000	4.000 G	115.000	Channel1			-67.01	165.00	P	13.74	3.00	P				0.00			
uwb_dipole.rff		0.000	4.000 G	120.000	Channel1			-65.76	160.00	P	12.53	3.00	P				0.00			
uwb_dipole.rff		0.000	4.000 G	125.000	Channel1			-64.96	165.00	P	71.06	3.00	P				0.00			
uwb_dipole.rff		0.000	4.000 G	130.000	Channel1			-63.90	160.00	P	67.84	3.00	P				0.00			
uwb_dipole.rff		0.000	4.000 G	135.000	Channel1			-63.36	70.00	P	78.59	3.00	P				0.00			
uwb_dipole.rff		0.000	4.000 G	140.000	Channel1			-62.80	105.00	P	169.12	3.00	P				0.00			
uwb_dipole.rff		0.000	4.000 G	145.000	Channel1			-62.31	70.00	P	168.84	3.00	P				0.00			
uwb_dipole.rff		0.000	4.000 G	150.000	Channel1			-61.87	105.00	P	169.30	3.00	P				0.00			
uwb_dipole.rff		0.000	4.000 G	155.000	Channel1			-61.49	70.00	P	169.10	3.00	P				0.00			
uwb_dipole.rff		0.000	4.000 G	160.000	Channel1			-61.46	75.00	P	172.36	3.00	P				0.00			
uwb_dipole.rff		0.000	4.000 G	165.000	Channel1			-61.44	25.00	P	173.97	3.00	P				0.00			
uwb_dipole.rff		0.000	4.000 G	170.000	Channel1			-61.23	160.00	P	49.96	3.00	P				0.00			
uwb_dipole.rff		0.000	4.000 G	175.000	Channel1			-61.56	160.00	P	50.87	3.00	P				0.00			
uwb_dipole.rff		0.000	4.000 G	180.000	Channel1			-61.27	160.00	P	41.80	3.00	P				0.00			



[Database Table]
First Question	
2nd	
3rd	
4th	
