File Name:	uwb_dipole.rff		
			
Polarizat.	0.000	Phase	
Frequency	3.400 G	 [GHz]	
Roll  	0.000	[deg]	
Ch.	Channel1		
Beam			
Switch			
Dir	0.00	dBi	
Azimuth  [deg]	Amplitude (dB)	Phase [Deg]	
-180.0000	-59.4464	62.8996	
-175.0000	-59.8974	60.2099	
-170.0000	-62.4607	64.5438	
-165.0000	-63.9131	96.3689	
-160.0000	-60.6181	107.3087	
-155.0000	-59.6790	99.7211	
-150.0000	-60.2827	101.0136	
-145.0000	-60.1618	102.9097	
-140.0000	-60.7786	102.1680	
-135.0000	-62.3923	113.0210	
-130.0000	-60.6782	123.0543	
-125.0000	-60.5605	126.7024	
-120.0000	-59.9215	123.1046	
-115.0000	-61.4902	129.2796	
-110.0000	-61.3938	133.4403	
-105.0000	-60.6532	154.9359	
-100.0000	-60.1277	139.4529	
-95.0000	-61.1696	151.8711	
-90.0000	-61.4768	160.5458	
-85.0000	-61.8569	166.8266	
-80.0000	-59.5933	172.3065	
-75.0000	-61.0576	172.5896	
-70.0000	-61.5055	174.2698	
-65.0000	-60.3672	-168.6841	
-60.0000	-60.5957	-173.9836	
-55.0000	-60.7121	-168.3735	
-50.0000	-60.5283	-158.4980	
-45.0000	-59.8323	-163.8349	
-40.0000	-60.9638	-157.1396	
-35.0000	-60.7568	-151.2345	
-30.0000	-60.4394	-144.8128	
-25.0000	-59.3025	-142.3552	
-20.0000	-59.2437	-149.9962	
-15.0000	-60.5690	-151.5215	
-10.0000	-61.7157	-143.8349	
-5.0000	-61.9641	-134.1142	
0.0000	-61.8282	-129.7074	
5.0000	-62.0069	-131.2081	
10.0000	-62.1297	-140.4786	
15.0000	-61.0459	-148.6697	
20.0000	-59.2462	-147.7684	
25.0000	-59.0138	-141.1652	
30.0000	-59.9291	-140.2357	
35.0000	-60.1428	-145.7554	
40.0000	-60.2093	-145.2346	
45.0000	-60.7490	-152.6614	
50.0000	-60.2257	-155.2593	
55.0000	-60.4275	-159.0939	
60.0000	-60.4937	-160.0258	
65.0000	-60.6487	-168.9520	
70.0000	-60.4716	-170.8854	
75.0000	-60.7886	-174.9392	
80.0000	-60.0944	179.3450	
85.0000	-62.0086	179.2168	
90.0000	-60.1862	163.7391	
95.0000	-60.0482	167.6799	
100.0000	-62.1235	151.4257	
105.0000	-59.9539	161.5338	
110.0000	-60.3895	146.0336	
115.0000	-62.4525	137.9713	
120.0000	-60.8805	141.6498	
125.0000	-62.4096	130.3760	
130.0000	-61.9598	112.3971	
135.0000	-61.0268	117.5071	
140.0000	-61.8599	107.0186	
145.0000	-61.6376	102.6721	
150.0000	-61.2143	91.1520	
155.0000	-59.3048	95.6195	
160.0000	-60.2869	111.1808	
165.0000	-64.6411	110.9805	
170.0000	-64.5488	71.5750	
175.0000	-61.0103	62.8750	
180.0000	-59.4232	62.8245	
			
			
			
[Side Lobes Table]
			
No.	Rel Ampl	Azimuth  [deg]	Absolute Ampl
1L	-2.81	0.00	-61.83
2L	-0.23	-20.00	-59.24
3L	-0.82	-45.00	-59.83
1R	-1.21	50.00	-60.23
2R	-1.46	70.00	-60.47
3R	-1.08	80.00	-60.09
		 	
File Name:	uwb_dipole.rff		
			
Polarizat.	0.000	Phase	
Frequency	3.400 G	 [GHz]	
Roll  	5.000	[deg]	
Ch.	Channel1		
Beam			
Switch			
Dir	0.00	dBi	
Azimuth  [deg]	Amplitude (dB)	Phase [Deg]	
-180.0000	-59.8431	63.3341	
-175.0000	-59.4638	61.6061	
-170.0000	-61.0223	60.9348	
-165.0000	-63.8513	77.3831	
-160.0000	-61.7767	104.4091	
-155.0000	-59.8741	99.2374	
-150.0000	-60.7863	95.6762	
-145.0000	-60.6352	104.9702	
-140.0000	-59.9077	103.3699	
-135.0000	-61.2798	95.7376	
-130.0000	-62.6878	111.6501	
-125.0000	-62.2231	119.5479	
-120.0000	-60.9591	126.4205	
-115.0000	-61.2890	125.8250	
-110.0000	-60.5665	123.9052	
-105.0000	-64.7004	129.7680	
-100.0000	-60.6141	149.6264	
-95.0000	-61.1322	146.4417	
-90.0000	-61.9849	147.0729	
-85.0000	-62.1461	152.3570	
-80.0000	-62.1797	174.4458	
-75.0000	-61.7713	168.3394	
-70.0000	-60.6319	167.4167	
-65.0000	-62.7076	-179.6573	
-60.0000	-61.1289	-176.1919	
-55.0000	-61.0429	-172.1832	
-50.0000	-61.5807	-167.5301	
-45.0000	-60.3303	-163.1035	
-40.0000	-61.1100	-164.0751	
-35.0000	-60.8629	-156.7251	
-30.0000	-60.9818	-154.0411	
-25.0000	-60.3653	-146.1772	
-20.0000	-59.4379	-148.2692	
-15.0000	-60.1657	-154.5323	
-10.0000	-61.5682	-150.6351	
-5.0000	-62.2712	-139.3603	
0.0000	-62.1086	-131.9336	
5.0000	-61.9578	-129.8460	
10.0000	-62.1608	-135.7156	
15.0000	-61.4788	-144.7386	
20.0000	-59.8630	-148.6917	
25.0000	-58.7574	-142.1604	
30.0000	-59.2725	-137.9119	
35.0000	-59.8973	-141.1345	
40.0000	-59.6517	-144.8969	
45.0000	-60.1135	-145.3634	
50.0000	-59.8686	-152.2071	
55.0000	-60.2579	-153.9500	
60.0000	-59.5237	-158.9053	
65.0000	-60.2891	-161.4474	
70.0000	-59.7698	-169.3106	
75.0000	-59.9924	-166.7046	
80.0000	-60.3884	179.1131	
85.0000	-59.2850	-178.3330	
90.0000	-60.8299	175.7581	
95.0000	-59.9635	164.3558	
100.0000	-60.1566	169.1464	
105.0000	-59.3497	157.2186	
110.0000	-60.6904	146.9115	
115.0000	-59.9630	154.8330	
120.0000	-60.0081	140.9638	
125.0000	-60.9841	137.7823	
130.0000	-61.8418	133.7517	
135.0000	-60.9024	122.3548	
140.0000	-61.8964	118.8571	
145.0000	-61.0174	112.4673	
150.0000	-61.9078	107.2024	
155.0000	-60.3310	95.9069	
160.0000	-59.4400	107.4903	
165.0000	-62.0985	117.9923	
170.0000	-65.4690	88.6403	
175.0000	-62.1710	65.0610	
180.0000	-59.8606	63.1705	
			
			
			
[Side Lobes Table]
			
No.	Rel Ampl	Azimuth  [deg]	Absolute Ampl
1L	-3.20	5.00	-61.96
2L	-0.68	-20.00	-59.44
3L	-2.11	-35.00	-60.86
1R	-0.89	40.00	-59.65
2R	-1.11	50.00	-59.87
3R	-0.77	60.00	-59.52
		 	
File Name:	uwb_dipole.rff		
			
Polarizat.	0.000	Phase	
Frequency	3.400 G	 [GHz]	
Roll  	10.000	[deg]	
Ch.	Channel1		
Beam			
Switch			
Dir	0.00	dBi	
Azimuth  [deg]	Amplitude (dB)	Phase [Deg]	
-180.0000	-59.4908	62.4799	
-175.0000	-59.9372	60.0778	
-170.0000	-62.0714	63.8768	
-165.0000	-63.4443	91.3432	
-160.0000	-60.5890	101.3810	
-155.0000	-60.0170	89.8333	
-150.0000	-62.1176	94.1506	
-145.0000	-61.2806	108.2270	
-140.0000	-60.0070	102.7373	
-135.0000	-61.1445	96.3233	
-130.0000	-62.7930	100.0854	
-125.0000	-63.6337	117.4829	
-120.0000	-62.7186	121.0383	
-115.0000	-62.1678	132.4693	
-110.0000	-60.6457	120.2497	
-105.0000	-64.7050	130.2381	
-100.0000	-63.7642	138.4497	
-95.0000	-61.7321	150.0467	
-90.0000	-62.1323	149.7098	
-85.0000	-63.7736	142.5810	
-80.0000	-63.0359	162.5207	
-75.0000	-62.7983	174.3537	
-70.0000	-62.2662	161.8493	
-65.0000	-62.6462	-178.1900	
-60.0000	-62.7040	-178.9950	
-55.0000	-62.1638	-174.5434	
-50.0000	-61.8859	-163.9494	
-45.0000	-60.9666	-169.4883	
-40.0000	-61.8638	-161.2683	
-35.0000	-60.8839	-157.6322	
-30.0000	-61.1694	-153.7615	
-25.0000	-60.3492	-147.5861	
-20.0000	-59.8684	-153.2373	
-15.0000	-60.9554	-154.8559	
-10.0000	-62.2418	-147.7034	
-5.0000	-62.5042	-136.3911	
0.0000	-62.1851	-130.5913	
5.0000	-62.0797	-131.2178	
10.0000	-61.9700	-138.3256	
15.0000	-60.8931	-145.3908	
20.0000	-59.1137	-144.5376	
25.0000	-58.6702	-137.9852	
30.0000	-59.4026	-135.8445	
35.0000	-59.6273	-142.1957	
40.0000	-59.3828	-141.7282	
45.0000	-59.7355	-146.0662	
50.0000	-59.5724	-147.4168	
55.0000	-59.9808	-155.0985	
60.0000	-59.2456	-155.4733	
65.0000	-60.0747	-162.4930	
70.0000	-59.1746	-167.8618	
75.0000	-59.6436	-166.8764	
80.0000	-59.8305	-179.0299	
85.0000	-59.5786	-177.1620	
90.0000	-59.7089	175.6176	
95.0000	-59.6124	167.2152	
100.0000	-60.3740	160.2791	
105.0000	-59.4495	164.5306	
110.0000	-59.3424	147.3253	
115.0000	-60.6237	146.1675	
120.0000	-59.5228	146.6195	
125.0000	-60.1490	138.9375	
130.0000	-60.7288	130.1822	
135.0000	-60.4266	130.9605	
140.0000	-61.5550	117.9221	
145.0000	-60.6523	115.5534	
150.0000	-61.3438	108.2045	
155.0000	-59.7286	103.1037	
160.0000	-59.8511	114.7726	
165.0000	-63.6642	113.8106	
170.0000	-64.1867	78.0415	
175.0000	-60.9876	64.1923	
180.0000	-59.4627	62.1754	
			
			
			
[Side Lobes Table]
			
No.	Rel Ampl	Azimuth  [deg]	Absolute Ampl
1L	-1.20	-20.00	-59.87
2L	-2.21	-35.00	-60.88
3L	-2.30	-45.00	-60.97
1R	-0.71	40.00	-59.38
2R	-0.90	50.00	-59.57
3R	-0.58	60.00	-59.25
		 	
File Name:	uwb_dipole.rff		
			
Polarizat.	0.000	Phase	
Frequency	3.400 G	 [GHz]	
Roll  	15.000	[deg]	
Ch.	Channel1		
Beam			
Switch			
Dir	0.00	dBi	
Azimuth  [deg]	Amplitude (dB)	Phase [Deg]	
-180.0000	-59.9112	63.3734	
-175.0000	-59.7213	61.0554	
-170.0000	-61.2662	61.6344	
-165.0000	-63.6959	79.2117	
-160.0000	-61.4049	101.3529	
-155.0000	-59.5399	92.4707	
-150.0000	-61.1105	82.1350	
-145.0000	-63.4549	97.7936	
-140.0000	-61.7905	108.6704	
-135.0000	-61.0808	102.6951	
-130.0000	-61.0909	98.4221	
-125.0000	-63.1588	95.6377	
-120.0000	-63.9301	105.6086	
-115.0000	-65.5856	117.7604	
-110.0000	-62.5264	132.3924	
-105.0000	-63.0602	117.4356	
-100.0000	-62.8477	124.5494	
-95.0000	-65.9025	136.6075	
-90.0000	-64.7546	147.4972	
-85.0000	-62.2188	146.3712	
-80.0000	-64.5141	149.0334	
-75.0000	-65.8806	153.4461	
-70.0000	-62.5290	164.8063	
-65.0000	-64.7892	167.1881	
-60.0000	-63.4897	173.1783	
-55.0000	-63.3515	177.8151	
-50.0000	-64.2368	-173.7255	
-45.0000	-61.7161	-167.1006	
-40.0000	-62.6314	-170.3548	
-35.0000	-61.9742	-158.1669	
-30.0000	-61.3921	-157.5758	
-25.0000	-60.9795	-152.3260	
-20.0000	-60.2831	-151.5990	
-15.0000	-60.7734	-156.8027	
-10.0000	-62.0929	-153.9441	
-5.0000	-62.7787	-143.3872	
0.0000	-62.5011	-133.2163	
5.0000	-62.1614	-129.8669	
10.0000	-62.0224	-133.8688	
15.0000	-61.2041	-141.9148	
20.0000	-59.6285	-145.1892	
25.0000	-58.5109	-140.0721	
30.0000	-59.0099	-133.8577	
35.0000	-59.7223	-138.4727	
40.0000	-59.1673	-141.8360	
45.0000	-59.3693	-143.0479	
50.0000	-59.0662	-145.4866	
55.0000	-59.9592	-146.4514	
60.0000	-59.2135	-155.8620	
65.0000	-59.6750	-154.1082	
70.0000	-59.5668	-165.6022	
75.0000	-59.0991	-166.7781	
80.0000	-59.6160	-171.7597	
85.0000	-59.1489	-176.5939	
90.0000	-59.6727	178.2655	
95.0000	-59.6630	172.4290	
100.0000	-59.5914	172.5792	
105.0000	-58.8718	160.4003	
110.0000	-60.0537	154.0473	
115.0000	-59.8565	157.8152	
120.0000	-59.1250	141.3029	
125.0000	-59.6729	142.3521	
130.0000	-60.6594	137.0758	
135.0000	-59.3046	128.2936	
140.0000	-60.7967	130.9832	
145.0000	-60.5855	117.8360	
150.0000	-60.7299	116.4740	
155.0000	-60.2291	106.3555	
160.0000	-59.1551	112.1086	
165.0000	-61.3664	119.6676	
170.0000	-64.6649	93.1557	
175.0000	-61.9351	67.6529	
180.0000	-59.8273	63.2007	
			
			
			
[Side Lobes Table]
			
No.	Rel Ampl	Azimuth  [deg]	Absolute Ampl
1L	-1.77	-20.00	-60.28
2L	-3.21	-45.00	-61.72
3L	-4.84	-55.00	-63.35
1R	-0.66	40.00	-59.17
2R	-0.56	50.00	-59.07
3R	-0.70	60.00	-59.21
		 	
File Name:	uwb_dipole.rff		
			
Polarizat.	0.000	Phase	
Frequency	3.400 G	 [GHz]	
Roll  	20.000	[deg]	
Ch.	Channel1		
Beam			
Switch			
Dir	0.00	dBi	
Azimuth  [deg]	Amplitude (dB)	Phase [Deg]	
-180.0000	-59.8320	62.4468	
-175.0000	-60.4543	59.9513	
-170.0000	-62.8314	65.0792	
-165.0000	-63.6097	95.4780	
-160.0000	-60.2719	101.3436	
-155.0000	-59.5231	86.4948	
-150.0000	-62.3217	77.5022	
-145.0000	-64.1130	92.9742	
-140.0000	-63.6066	100.9298	
-135.0000	-62.8404	108.0476	
-130.0000	-61.8768	100.3164	
-125.0000	-62.8363	98.9011	
-120.0000	-63.9816	91.8746	
-115.0000	-67.6171	104.4044	
-110.0000	-64.7014	121.9822	
-105.0000	-65.2025	129.9471	
-100.0000	-63.3640	116.4271	
-95.0000	-65.3672	122.4925	
-90.0000	-67.7502	144.3567	
-85.0000	-64.6043	137.2725	
-80.0000	-64.2714	140.2123	
-75.0000	-67.5977	156.2711	
-70.0000	-64.4423	151.4594	
-65.0000	-64.9529	166.3172	
-60.0000	-65.0535	168.6200	
-55.0000	-64.5715	169.1557	
-50.0000	-65.2307	-171.7709	
-45.0000	-62.7859	-173.2663	
-40.0000	-63.9209	-167.6366	
-35.0000	-62.3978	-158.7326	
-30.0000	-61.9159	-156.2371	
-25.0000	-61.0040	-152.8055	
-20.0000	-60.6436	-156.6463	
-15.0000	-61.7740	-158.3375	
-10.0000	-62.8188	-150.7189	
-5.0000	-63.0734	-138.3932	
0.0000	-62.6216	-130.9890	
5.0000	-62.2710	-130.9294	
10.0000	-61.8561	-136.6481	
15.0000	-60.6347	-143.8026	
20.0000	-58.9938	-143.3601	
25.0000	-58.4889	-135.1155	
30.0000	-59.3906	-132.7441	
35.0000	-59.7450	-139.1451	
40.0000	-59.2205	-140.2094	
45.0000	-59.3051	-143.7013	
50.0000	-58.9450	-143.6142	
55.0000	-59.8694	-149.3535	
60.0000	-58.9720	-151.8785	
65.0000	-59.9789	-156.2498	
70.0000	-59.2988	-163.2728	
75.0000	-59.4900	-164.4751	
80.0000	-59.5550	-174.9615	
85.0000	-59.0984	-172.8167	
90.0000	-59.6020	-179.4821	
95.0000	-59.3151	170.2831	
100.0000	-59.9463	171.1488	
105.0000	-59.5490	163.9250	
110.0000	-58.4741	152.6297	
115.0000	-60.8940	157.8036	
120.0000	-59.5799	143.2041	
125.0000	-59.2493	144.1271	
130.0000	-61.0811	134.3068	
135.0000	-59.5296	129.6186	
140.0000	-60.5634	126.3881	
145.0000	-60.5775	119.5421	
150.0000	-60.8844	110.8101	
155.0000	-59.3371	105.9443	
160.0000	-59.4057	117.3343	
165.0000	-62.7163	117.0492	
170.0000	-64.0244	83.3356	
175.0000	-60.9748	65.7323	
180.0000	-59.8167	62.1909	
			
			
			
[Side Lobes Table]
			
No.	Rel Ampl	Azimuth  [deg]	Absolute Ampl
1L	-0.84	95.00	-59.32
2L	-0.62	85.00	-59.10
3L	-0.82	70.00	-59.30
1R	-0.78	125.00	-59.25
2R	-1.06	135.00	-59.53
3R	-0.86	155.00	-59.34
		 	
File Name:	uwb_dipole.rff		
			
Polarizat.	0.000	Phase	
Frequency	3.400 G	 [GHz]	
Roll  	25.000	[deg]	
Ch.	Channel1		
Beam			
Switch			
Dir	0.00	dBi	
Azimuth  [deg]	Amplitude (dB)	Phase [Deg]	
-180.0000	-60.4553	63.8672	
-175.0000	-60.4099	59.9214	
-170.0000	-62.2987	60.5634	
-165.0000	-65.0677	82.4374	
-160.0000	-61.8633	106.7163	
-155.0000	-59.6333	95.1570	
-150.0000	-60.8366	78.6464	
-145.0000	-63.2971	81.2920	
-140.0000	-63.8283	86.6582	
-135.0000	-65.9535	90.0432	
-130.0000	-64.6599	104.6561	
-125.0000	-64.4340	104.2868	
-120.0000	-62.9251	99.4527	
-115.0000	-64.8228	87.2178	
-110.0000	-67.0495	99.7689	
-105.0000	-68.2626	96.4686	
-100.0000	-65.6370	128.9835	
-95.0000	-65.7337	120.2871	
-90.0000	-66.8970	105.2348	
-85.0000	-66.8136	135.9205	
-80.0000	-66.4641	140.4306	
-75.0000	-66.3722	123.8034	
-70.0000	-66.0876	146.6838	
-65.0000	-67.7180	152.8824	
-60.0000	-65.3211	159.4114	
-55.0000	-65.4948	162.7435	
-50.0000	-66.6286	166.9390	
-45.0000	-64.5272	-177.5507	
-40.0000	-64.9664	-179.9696	
-35.0000	-64.3951	-163.4030	
-30.0000	-63.1240	-160.7182	
-25.0000	-62.2726	-154.0577	
-20.0000	-61.2257	-155.3999	
-15.0000	-61.6852	-160.2470	
-10.0000	-62.8329	-155.9582	
-5.0000	-63.5268	-144.1737	
0.0000	-63.1390	-133.7435	
5.0000	-62.6026	-129.7932	
10.0000	-62.2013	-134.5525	
15.0000	-61.3302	-141.5374	
20.0000	-59.7680	-144.4139	
25.0000	-58.5565	-137.7725	
30.0000	-59.0368	-131.4660	
35.0000	-60.0519	-134.6060	
40.0000	-59.5193	-139.8760	
45.0000	-59.5633	-140.6767	
50.0000	-59.0339	-144.1494	
55.0000	-59.8510	-143.4043	
60.0000	-59.2484	-152.5329	
65.0000	-59.5482	-148.8179	
70.0000	-59.8591	-160.0911	
75.0000	-59.4091	-162.4088	
80.0000	-60.0389	-165.1312	
85.0000	-59.7305	-177.4571	
90.0000	-59.2219	-178.8511	
95.0000	-60.3945	179.8447	
100.0000	-59.2819	171.6284	
105.0000	-59.2512	169.2805	
110.0000	-60.8378	154.2063	
115.0000	-58.8224	159.5181	
120.0000	-60.1307	150.2461	
125.0000	-59.8210	140.3843	
130.0000	-60.2298	146.4230	
135.0000	-60.5812	131.2635	
140.0000	-60.5070	128.1669	
145.0000	-60.4403	124.3584	
150.0000	-61.4739	119.7841	
155.0000	-60.5389	103.3139	
160.0000	-58.8846	110.7033	
165.0000	-60.8669	119.1496	
170.0000	-64.1477	97.8239	
175.0000	-62.3525	70.1392	
180.0000	-60.4109	63.4637	
			
			
			
[Side Lobes Table]
			
No.	Rel Ampl	Azimuth  [deg]	Absolute Ampl
1L	-2.67	-20.00	-61.23
2L	-5.97	-45.00	-64.53
3L	-6.76	-60.00	-65.32
1R	-0.96	40.00	-59.52
2R	-0.48	50.00	-59.03
3R	-0.69	60.00	-59.25
		 	
File Name:	uwb_dipole.rff		
			
Polarizat.	0.000	Phase	
Frequency	3.400 G	 [GHz]	
Roll  	30.000	[deg]	
Ch.	Channel1		
Beam			
Switch			
Dir	0.00	dBi	
Azimuth  [deg]	Amplitude (dB)	Phase [Deg]	
-180.0000	-60.5924	62.5041	
-175.0000	-61.4988	58.0940	
-170.0000	-64.4562	63.6638	
-165.0000	-65.3588	101.5925	
-160.0000	-61.3215	106.9267	
-155.0000	-60.3380	90.6982	
-150.0000	-62.5096	80.7232	
-145.0000	-63.3979	86.3771	
-140.0000	-63.6655	77.7353	
-135.0000	-66.1922	78.8762	
-130.0000	-66.8916	81.1662	
-125.0000	-67.0983	108.9865	
-120.0000	-64.6640	94.4383	
-115.0000	-66.5102	88.5786	
-110.0000	-65.7992	93.9588	
-105.0000	-68.9038	85.7463	
-100.0000	-68.4017	105.7414	
-95.0000	-65.5297	111.8073	
-90.0000	-70.2063	97.4785	
-85.0000	-67.9658	116.5342	
-80.0000	-66.1052	129.7764	
-75.0000	-68.9801	126.8933	
-70.0000	-66.3504	123.7307	
-65.0000	-69.1007	155.4760	
-60.0000	-66.9018	153.7270	
-55.0000	-66.3246	153.4765	
-50.0000	-67.5681	171.1957	
-45.0000	-64.8168	169.9486	
-40.0000	-66.6262	179.7279	
-35.0000	-64.7663	-165.8811	
-30.0000	-64.2315	-160.2510	
-25.0000	-62.5952	-153.0675	
-20.0000	-61.7225	-157.7088	
-15.0000	-62.6362	-160.5480	
-10.0000	-63.6292	-152.9188	
-5.0000	-63.8760	-139.8077	
0.0000	-63.2233	-131.7310	
5.0000	-62.7029	-131.4621	
10.0000	-62.1608	-138.1931	
15.0000	-61.0182	-143.7661	
20.0000	-59.3686	-142.6971	
25.0000	-58.8136	-133.7298	
30.0000	-59.6576	-130.0444	
35.0000	-60.1656	-135.7099	
40.0000	-59.7064	-137.3203	
45.0000	-59.6518	-141.1334	
50.0000	-59.4166	-139.0151	
55.0000	-60.4955	-146.3176	
60.0000	-59.2802	-150.9067	
65.0000	-60.0819	-150.9982	
70.0000	-59.9471	-157.4705	
75.0000	-59.7276	-162.4250	
80.0000	-60.3364	-163.1781	
85.0000	-60.5394	-173.4932	
90.0000	-59.6709	-177.7690	
95.0000	-60.2005	176.6072	
100.0000	-60.3285	172.5829	
105.0000	-59.9113	173.9339	
110.0000	-59.8761	154.0121	
115.0000	-60.3955	158.1573	
120.0000	-60.2910	151.2402	
125.0000	-59.6520	142.9675	
130.0000	-60.6483	142.3973	
135.0000	-60.8226	135.2044	
140.0000	-60.9925	125.1596	
145.0000	-60.7998	126.7960	
150.0000	-62.5998	114.9472	
155.0000	-60.2395	101.3384	
160.0000	-59.5462	112.9141	
165.0000	-62.2982	114.6404	
170.0000	-63.8040	85.1196	
175.0000	-61.6716	68.1583	
180.0000	-60.6181	62.1965	
			
			
			
[Side Lobes Table]
			
No.	Rel Ampl	Azimuth  [deg]	Absolute Ampl
1L	-2.91	-20.00	-61.72
2L	-6.00	-45.00	-64.82
3L	-7.51	-55.00	-66.32
1R	-0.60	50.00	-59.42
2R	-0.47	60.00	-59.28
3R	-0.91	75.00	-59.73
		 	
File Name:	uwb_dipole.rff		
			
Polarizat.	0.000	Phase	
Frequency	3.400 G	 [GHz]	
Roll  	35.000	[deg]	
Ch.	Channel1		
Beam			
Switch			
Dir	0.00	dBi	
Azimuth  [deg]	Amplitude (dB)	Phase [Deg]	
-180.0000	-61.1671	64.5233	
-175.0000	-61.4441	58.4497	
-170.0000	-63.6911	57.0113	
-165.0000	-67.4557	85.1667	
-160.0000	-63.8333	110.6140	
-155.0000	-61.4129	97.7713	
-150.0000	-62.9254	82.1564	
-145.0000	-64.6129	88.4000	
-140.0000	-63.7861	86.1029	
-135.0000	-64.7641	77.6290	
-130.0000	-64.7049	72.4251	
-125.0000	-69.1891	67.0852	
-120.0000	-66.8796	89.1927	
-115.0000	-67.1282	78.5116	
-110.0000	-69.3577	84.8224	
-105.0000	-66.6011	86.5601	
-100.0000	-68.4593	82.7901	
-95.0000	-69.6304	109.9721	
-90.0000	-65.7614	87.0588	
-85.0000	-69.7888	96.1149	
-80.0000	-69.6460	125.8080	
-75.0000	-67.5014	104.3100	
-70.0000	-66.6714	131.8087	
-65.0000	-69.0814	112.7024	
-60.0000	-69.2243	138.7234	
-55.0000	-67.2968	151.8781	
-50.0000	-68.5939	146.4981	
-45.0000	-66.0752	172.6061	
-40.0000	-66.5520	163.7933	
-35.0000	-66.6105	-173.5202	
-30.0000	-65.5174	-169.6302	
-25.0000	-64.7225	-156.5321	
-20.0000	-62.7592	-154.9953	
-15.0000	-62.7805	-161.1729	
-10.0000	-63.8095	-157.1365	
-5.0000	-64.4579	-144.5023	
0.0000	-63.9652	-134.0802	
5.0000	-63.1484	-130.3196	
10.0000	-62.7840	-134.5746	
15.0000	-61.9924	-141.3627	
20.0000	-60.4432	-143.5881	
25.0000	-59.2014	-136.2295	
30.0000	-59.5320	-129.5427	
35.0000	-60.5424	-131.1937	
40.0000	-60.1325	-136.7158	
45.0000	-60.1047	-137.9076	
50.0000	-59.4010	-139.9662	
55.0000	-60.4939	-136.8490	
60.0000	-60.5162	-148.8141	
65.0000	-60.1995	-147.3651	
70.0000	-60.4296	-154.8663	
75.0000	-60.6864	-157.2651	
80.0000	-59.9907	-162.8734	
85.0000	-60.8727	-166.4020	
90.0000	-60.7122	-176.0895	
95.0000	-61.1295	-178.5121	
100.0000	-60.1210	176.9473	
105.0000	-60.0003	171.4346	
110.0000	-61.7352	162.3506	
115.0000	-60.2953	165.8903	
120.0000	-60.7134	152.0067	
125.0000	-60.6536	144.3160	
130.0000	-60.5562	146.4017	
135.0000	-60.7234	136.8697	
140.0000	-61.3867	134.1162	
145.0000	-60.8919	126.6007	
150.0000	-62.2373	128.7307	
155.0000	-62.5821	102.9197	
160.0000	-59.9844	105.9531	
165.0000	-61.4690	113.5790	
170.0000	-63.8528	95.5447	
175.0000	-62.6437	72.7933	
180.0000	-61.1800	64.4725	
			
			
			
[Side Lobes Table]
			
No.	Rel Ampl	Azimuth  [deg]	Absolute Ampl
1L	-3.56	-20.00	-62.76
2L	-6.87	-45.00	-66.08
3L	-8.10	-55.00	-67.30
1R	-0.20	50.00	-59.40
2R	-1.00	65.00	-60.20
3R	-0.79	80.00	-59.99
		 	
File Name:	uwb_dipole.rff		
			
Polarizat.	0.000	Phase	
Frequency	3.400 G	 [GHz]	
Roll  	40.000	[deg]	
Ch.	Channel1		
Beam			
Switch			
Dir	0.00	dBi	
Azimuth  [deg]	Amplitude (dB)	Phase [Deg]	
-180.0000	-61.6072	62.1190	
-175.0000	-62.8315	54.7229	
-170.0000	-66.3002	56.5829	
-165.0000	-68.0999	99.5336	
-160.0000	-63.5828	103.9058	
-155.0000	-63.2183	86.4356	
-150.0000	-66.0283	79.5015	
-145.0000	-66.7721	89.1125	
-140.0000	-66.1762	87.6145	
-135.0000	-65.6190	86.4917	
-130.0000	-65.1433	65.1711	
-125.0000	-68.7808	72.5665	
-120.0000	-66.7722	76.1113	
-115.0000	-66.1068	61.0594	
-110.0000	-70.4125	63.3000	
-105.0000	-68.8907	76.3128	
-100.0000	-69.1641	66.8165	
-95.0000	-69.3453	112.1301	
-90.0000	-66.5100	85.0972	
-85.0000	-68.8878	69.9263	
-80.0000	-68.4145	115.7217	
-75.0000	-70.8357	97.0775	
-70.0000	-67.6669	119.0080	
-65.0000	-68.3490	121.2748	
-60.0000	-71.0907	124.4616	
-55.0000	-67.5877	141.0670	
-50.0000	-70.6244	149.8989	
-45.0000	-66.6092	162.0623	
-40.0000	-68.2761	169.0908	
-35.0000	-66.3258	-177.0577	
-30.0000	-66.6807	-171.1706	
-25.0000	-65.0859	-155.6430	
-20.0000	-63.5271	-159.1497	
-15.0000	-63.9472	-159.8492	
-10.0000	-64.6862	-153.1965	
-5.0000	-64.9020	-140.3383	
0.0000	-64.1898	-132.3530	
5.0000	-63.5288	-131.9079	
10.0000	-63.0605	-138.6357	
15.0000	-62.0043	-143.8557	
20.0000	-60.2095	-141.5195	
25.0000	-59.6604	-132.8443	
30.0000	-60.4285	-128.0151	
35.0000	-60.9592	-134.4096	
40.0000	-60.6449	-136.0204	
45.0000	-60.4743	-140.2355	
50.0000	-59.8188	-137.2348	
55.0000	-61.1691	-138.9851	
60.0000	-60.7751	-145.6622	
65.0000	-61.2505	-148.4391	
70.0000	-60.9343	-151.6567	
75.0000	-61.3410	-160.7008	
80.0000	-60.9268	-160.8088	
85.0000	-61.5578	-166.8048	
90.0000	-61.0207	-171.0605	
95.0000	-61.8542	179.8578	
100.0000	-61.5440	175.8974	
105.0000	-60.8812	177.4874	
110.0000	-61.2682	156.7247	
115.0000	-61.6253	162.2867	
120.0000	-61.8402	152.7582	
125.0000	-60.8138	143.8239	
130.0000	-61.6707	143.6013	
135.0000	-61.2232	135.0689	
140.0000	-61.5973	130.9262	
145.0000	-61.3472	130.3116	
150.0000	-63.8226	125.1308	
155.0000	-62.0444	101.9718	
160.0000	-61.1077	110.5473	
165.0000	-63.3518	108.4414	
170.0000	-63.9122	83.4612	
175.0000	-62.2649	69.0181	
180.0000	-61.6587	61.7224	
			
			
			
[Side Lobes Table]
			
No.	Rel Ampl	Azimuth  [deg]	Absolute Ampl
1L	-3.87	-20.00	-63.53
2L	-6.67	-35.00	-66.33
3L	-6.95	-45.00	-66.61
1R	-0.16	50.00	-59.82
2R	-1.11	60.00	-60.78
3R	-1.27	70.00	-60.93
		 	
File Name:	uwb_dipole.rff		
			
Polarizat.	0.000	Phase	
Frequency	3.400 G	 [GHz]	
Roll  	45.000	[deg]	
Ch.	Channel1		
Beam			
Switch			
Dir	0.00	dBi	
Azimuth  [deg]	Amplitude (dB)	Phase [Deg]	
-180.0000	-62.4498	64.2306	
-175.0000	-63.0369	55.5492	
-170.0000	-65.6643	49.2216	
-165.0000	-69.9096	70.3130	
-160.0000	-66.3191	103.2187	
-155.0000	-64.2281	89.6472	
-150.0000	-65.9501	69.2768	
-145.0000	-68.6651	68.7871	
-140.0000	-69.9278	75.3497	
-135.0000	-70.0204	84.8357	
-130.0000	-66.9835	81.5420	
-125.0000	-68.5494	61.2684	
-120.0000	-69.3283	77.6606	
-115.0000	-66.7024	83.1874	
-110.0000	-65.6971	57.4881	
-105.0000	-67.6842	51.8963	
-100.0000	-68.4388	66.9366	
-95.0000	-71.9314	42.3640	
-90.0000	-69.7244	95.4817	
-85.0000	-66.3440	87.7680	
-80.0000	-71.7337	78.1031	
-75.0000	-67.6789	95.3939	
-70.0000	-69.6995	102.8573	
-65.0000	-70.5937	115.4672	
-60.0000	-67.9251	114.0058	
-55.0000	-70.6088	129.6274	
-50.0000	-69.6244	130.8924	
-45.0000	-69.1621	155.4373	
-40.0000	-69.2094	156.6781	
-35.0000	-67.9317	-178.1483	
-30.0000	-66.7847	178.3258	
-25.0000	-67.5030	-167.5067	
-20.0000	-65.2851	-157.6048	
-15.0000	-64.5787	-161.1970	
-10.0000	-65.0663	-157.8241	
-5.0000	-65.4907	-147.5161	
0.0000	-65.1468	-135.9549	
5.0000	-64.4256	-132.1956	
10.0000	-64.0582	-135.9144	
15.0000	-63.3539	-142.2087	
20.0000	-61.7052	-144.2459	
25.0000	-60.3106	-135.8132	
30.0000	-60.6583	-128.5145	
35.0000	-61.6434	-130.1880	
40.0000	-61.5147	-135.7589	
45.0000	-61.5451	-138.4086	
50.0000	-60.7070	-141.3685	
55.0000	-61.0704	-136.4171	
60.0000	-61.6178	-142.4839	
65.0000	-61.6424	-143.5013	
70.0000	-61.6787	-149.9164	
75.0000	-62.4573	-151.6363	
80.0000	-61.6269	-160.3385	
85.0000	-62.3479	-162.1593	
90.0000	-62.0740	-173.4384	
95.0000	-62.2930	-171.0218	
100.0000	-62.2460	-177.1079	
105.0000	-61.4292	173.1329	
110.0000	-63.5799	169.2461	
115.0000	-61.5512	161.0589	
120.0000	-62.0970	160.3164	
125.0000	-62.6378	145.5126	
130.0000	-61.6138	147.1873	
135.0000	-62.5385	138.4732	
140.0000	-62.0656	132.2403	
145.0000	-61.4711	129.7541	
150.0000	-62.7531	135.4105	
155.0000	-64.3379	111.8303	
160.0000	-61.9799	107.6756	
165.0000	-63.3494	111.3251	
170.0000	-64.9757	94.4279	
175.0000	-63.5011	71.5506	
180.0000	-62.4350	63.9755	
			
			
			
[Side Lobes Table]
			
No.	Rel Ampl	Azimuth  [deg]	Absolute Ampl
1L	-4.27	-15.00	-64.58
2L	-6.47	-30.00	-66.78
3L	-8.85	-45.00	-69.16
1R	-1.20	40.00	-61.51
2R	-0.40	50.00	-60.71
3R	-1.32	80.00	-61.63
		 	
File Name:	uwb_dipole.rff		
			
Polarizat.	0.000	Phase	
Frequency	3.400 G	 [GHz]	
Roll  	50.000	[deg]	
Ch.	Channel1		
Beam			
Switch			
Dir	0.00	dBi	
Azimuth  [deg]	Amplitude (dB)	Phase [Deg]	
-180.0000	-63.4213	60.7362	
-175.0000	-64.8836	49.1759	
-170.0000	-68.2804	44.7996	
-165.0000	-70.5486	83.2945	
-160.0000	-65.8905	92.8977	
-155.0000	-65.0244	73.1772	
-150.0000	-66.9700	56.9627	
-145.0000	-68.6605	49.6653	
-140.0000	-70.6034	45.5847	
-135.0000	-72.6782	57.8013	
-130.0000	-69.3718	58.8610	
-125.0000	-71.3705	46.8877	
-120.0000	-74.1883	58.3448	
-115.0000	-68.3015	85.8130	
-110.0000	-66.7064	69.6392	
-105.0000	-67.1989	54.4489	
-100.0000	-66.4079	57.7352	
-95.0000	-70.1232	48.4190	
-90.0000	-72.0978	71.5501	
-85.0000	-67.0552	74.0226	
-80.0000	-71.7063	90.4160	
-75.0000	-69.7124	95.3321	
-70.0000	-68.4252	91.2931	
-65.0000	-71.7495	121.2112	
-60.0000	-69.0518	107.9358	
-55.0000	-70.2984	122.5391	
-50.0000	-71.1084	138.3893	
-45.0000	-68.7362	141.1779	
-40.0000	-72.4561	164.7085	
-35.0000	-67.4304	-177.6990	
-30.0000	-67.9803	175.7115	
-25.0000	-68.1128	-164.1701	
-20.0000	-65.9673	-160.3342	
-15.0000	-65.7651	-159.2910	
-10.0000	-66.1490	-152.9709	
-5.0000	-66.3077	-142.6201	
0.0000	-65.8048	-135.0912	
5.0000	-65.2800	-132.7048	
10.0000	-64.7575	-138.6357	
15.0000	-63.7165	-144.1787	
20.0000	-61.7377	-141.6884	
25.0000	-61.0181	-132.6368	
30.0000	-61.8261	-126.7941	
35.0000	-62.5698	-132.4642	
40.0000	-62.4403	-134.3351	
45.0000	-62.5420	-138.1701	
50.0000	-61.7854	-139.9559	
55.0000	-62.2825	-139.1078	
60.0000	-62.3343	-143.3055	
65.0000	-62.6420	-146.9875	
70.0000	-62.2181	-146.0675	
75.0000	-63.5443	-155.2752	
80.0000	-62.5897	-157.5232	
85.0000	-63.7162	-160.1215	
90.0000	-63.0968	-173.4331	
95.0000	-62.8005	-174.0985	
100.0000	-64.2374	-176.7931	
105.0000	-62.4181	177.4137	
110.0000	-63.7073	164.1172	
115.0000	-63.3034	160.3611	
120.0000	-63.2196	160.8343	
125.0000	-63.1427	144.3866	
130.0000	-62.9249	147.0916	
135.0000	-63.4871	138.6116	
140.0000	-62.9510	128.2889	
145.0000	-62.0116	130.4666	
150.0000	-64.3306	131.4964	
155.0000	-63.9207	109.3089	
160.0000	-63.2571	112.2329	
165.0000	-65.3032	105.9299	
170.0000	-65.2467	81.8103	
175.0000	-63.8621	68.8356	
180.0000	-63.4413	60.0100	
			
			
			
[Side Lobes Table]
			
No.	Rel Ampl	Azimuth  [deg]	Absolute Ampl
1L	-4.75	-15.00	-65.77
2L	-6.41	-35.00	-67.43
3L	-7.72	-45.00	-68.74
1R	-1.42	40.00	-62.44
2R	-0.77	50.00	-61.79
3R	-1.20	70.00	-62.22
		 	
File Name:	uwb_dipole.rff		
			
Polarizat.	0.000	Phase	
Frequency	3.400 G	 [GHz]	
Roll  	55.000	[deg]	
Ch.	Channel1		
Beam			
Switch			
Dir	0.00	dBi	
Azimuth  [deg]	Amplitude (dB)	Phase [Deg]	
-180.0000	-64.5151	63.2206	
-175.0000	-65.2281	50.9182	
-170.0000	-67.3718	37.7420	
-165.0000	-70.9726	51.2014	
-160.0000	-67.5696	87.8020	
-155.0000	-65.2280	77.9758	
-150.0000	-65.8674	61.6415	
-145.0000	-66.9360	49.7961	
-140.0000	-67.8181	41.9504	
-135.0000	-69.0870	31.5532	
-130.0000	-69.8184	42.6868	
-125.0000	-68.8629	33.1430	
-120.0000	-69.3959	24.5878	
-115.0000	-75.9679	29.7361	
-110.0000	-72.7085	72.4886	
-105.0000	-67.8615	65.0095	
-100.0000	-68.7834	69.2071	
-95.0000	-68.2726	53.2833	
-90.0000	-68.0737	56.2949	
-85.0000	-69.2208	76.2933	
-80.0000	-70.6134	60.6436	
-75.0000	-71.0434	79.2737	
-70.0000	-69.3506	108.3597	
-65.0000	-71.4365	84.1539	
-60.0000	-69.8445	116.3987	
-55.0000	-70.1238	111.3251	
-50.0000	-72.3661	119.3413	
-45.0000	-69.0182	146.0259	
-40.0000	-71.7261	125.2667	
-35.0000	-71.6659	-169.6343	
-30.0000	-67.8038	176.0045	
-25.0000	-69.7281	-179.2478	
-20.0000	-68.2427	-162.4652	
-15.0000	-67.1873	-160.1835	
-10.0000	-67.0995	-155.6490	
-5.0000	-67.0472	-147.6250	
0.0000	-67.1072	-137.9621	
5.0000	-66.6046	-131.6134	
10.0000	-66.2659	-135.6706	
15.0000	-65.3765	-142.8609	
20.0000	-63.6741	-145.3076	
25.0000	-62.1438	-136.4969	
30.0000	-62.2337	-128.3458	
35.0000	-63.4509	-127.2262	
40.0000	-63.6006	-132.9095	
45.0000	-63.5907	-134.4093	
50.0000	-63.4732	-139.6516	
55.0000	-63.2817	-137.2254	
60.0000	-63.9074	-140.9310	
65.0000	-64.0453	-143.7905	
70.0000	-63.2759	-151.1730	
75.0000	-64.1761	-145.1237	
80.0000	-63.7001	-158.0852	
85.0000	-63.7981	-158.5196	
90.0000	-65.1137	-162.9595	
95.0000	-64.6373	-173.2772	
100.0000	-63.6744	-172.2192	
105.0000	-64.1981	177.3235	
110.0000	-65.0592	173.0081	
115.0000	-64.3221	167.1323	
120.0000	-63.9399	158.4876	
125.0000	-64.8878	153.5493	
130.0000	-63.9719	146.6306	
135.0000	-63.9295	143.7226	
140.0000	-64.8597	137.2963	
145.0000	-63.3745	125.1872	
150.0000	-63.6729	133.7118	
155.0000	-65.4106	118.5480	
160.0000	-64.1367	114.2001	
165.0000	-65.9037	112.4491	
170.0000	-66.8329	90.5736	
175.0000	-65.1522	72.0299	
180.0000	-64.6023	63.6082	
			
			
			
[Side Lobes Table]
			
No.	Rel Ampl	Azimuth  [deg]	Absolute Ampl
1L	-4.90	-5.00	-67.05
2L	-5.66	-30.00	-67.80
3L	-6.87	-45.00	-69.02
1R	-1.14	55.00	-63.28
2R	-1.13	70.00	-63.28
3R	-1.56	80.00	-63.70
		 	
File Name:	uwb_dipole.rff		
			
Polarizat.	0.000	Phase	
Frequency	3.400 G	 [GHz]	
Roll  	60.000	[deg]	
Ch.	Channel1		
Beam			
Switch			
Dir	0.00	dBi	
Azimuth  [deg]	Amplitude (dB)	Phase [Deg]	
-180.0000	-65.9639	57.8761	
-175.0000	-66.9522	39.5856	
-170.0000	-68.9794	31.3718	
-165.0000	-70.4432	66.9861	
-160.0000	-66.2009	84.2452	
-155.0000	-65.4538	71.2517	
-150.0000	-66.5385	61.4690	
-145.0000	-66.9133	51.3440	
-140.0000	-67.4290	43.7089	
-135.0000	-68.6533	36.6604	
-130.0000	-68.5046	41.5659	
-125.0000	-68.1604	39.5712	
-120.0000	-67.8288	25.2246	
-115.0000	-70.8016	23.9360	
-110.0000	-72.9699	49.4626	
-105.0000	-70.4870	49.8383	
-100.0000	-69.4206	57.9017	
-95.0000	-71.5372	70.2528	
-90.0000	-69.1392	67.5461	
-85.0000	-67.3434	64.3728	
-80.0000	-71.1144	70.2233	
-75.0000	-74.0927	70.7160	
-70.0000	-70.0125	94.8234	
-65.0000	-73.0187	103.3015	
-60.0000	-71.1166	114.2881	
-55.0000	-70.0890	108.4543	
-50.0000	-73.7213	149.2600	
-45.0000	-68.2338	136.5837	
-40.0000	-75.8642	115.8287	
-35.0000	-70.8021	-166.0677	
-30.0000	-69.0304	173.0260	
-25.0000	-70.6651	-173.5115	
-20.0000	-69.0337	-163.5204	
-15.0000	-68.7652	-157.8431	
-10.0000	-68.1114	-150.2559	
-5.0000	-68.1839	-143.6101	
0.0000	-68.2160	-134.7549	
5.0000	-67.6838	-131.0604	
10.0000	-67.1886	-136.2865	
15.0000	-66.2404	-144.1788	
20.0000	-64.3303	-142.4041	
25.0000	-63.2139	-133.2674	
30.0000	-63.6442	-126.4213	
35.0000	-64.5067	-128.4088	
40.0000	-64.6490	-130.4829	
45.0000	-64.8550	-132.2245	
50.0000	-64.6791	-136.7351	
55.0000	-64.8073	-134.3812	
60.0000	-65.5067	-139.1621	
65.0000	-66.1311	-146.1584	
70.0000	-64.4831	-147.7263	
75.0000	-65.9736	-152.9307	
80.0000	-65.0366	-156.6214	
85.0000	-64.6881	-157.9811	
90.0000	-66.0827	-160.3571	
95.0000	-65.9305	-172.1126	
100.0000	-65.9488	-173.4971	
105.0000	-65.5397	-175.9263	
110.0000	-65.7878	166.2389	
115.0000	-66.2114	165.1076	
120.0000	-65.6179	159.8742	
125.0000	-65.7605	150.6196	
130.0000	-65.4156	143.7043	
135.0000	-64.8287	143.5782	
140.0000	-66.3017	132.8284	
145.0000	-64.4578	125.1371	
150.0000	-65.5918	127.1597	
155.0000	-65.3689	116.0863	
160.0000	-65.8251	118.9182	
165.0000	-68.4875	103.7007	
170.0000	-67.1433	79.5667	
175.0000	-65.9698	69.0832	
180.0000	-66.0511	57.9830	
			
			
			
[Side Lobes Table]
			
No.	Rel Ampl	Azimuth  [deg]	Absolute Ampl
1L	-4.90	-10.00	-68.11
2L	-5.82	-30.00	-69.03
3L	-5.02	-45.00	-68.23
1R	-1.47	50.00	-64.68
2R	-1.27	70.00	-64.48
3R	-1.47	85.00	-64.69
		 	
File Name:	uwb_dipole.rff		
			
Polarizat.	0.000	Phase	
Frequency	3.400 G	 [GHz]	
Roll  	65.000	[deg]	
Ch.	Channel1		
Beam			
Switch			
Dir	0.00	dBi	
Azimuth  [deg]	Amplitude (dB)	Phase [Deg]	
-180.0000	-67.5312	63.7220	
-175.0000	-68.1275	42.9481	
-170.0000	-68.6894	26.8265	
-165.0000	-70.5036	49.1596	
-160.0000	-67.3763	83.7031	
-155.0000	-65.7387	81.2783	
-150.0000	-67.2585	73.1293	
-145.0000	-67.7586	66.6663	
-140.0000	-68.3583	54.7245	
-135.0000	-68.6562	46.0544	
-130.0000	-69.7978	46.2920	
-125.0000	-69.8809	47.9268	
-120.0000	-68.5436	48.6051	
-115.0000	-69.0116	40.3159	
-110.0000	-69.6344	34.3928	
-105.0000	-69.8487	42.8715	
-100.0000	-70.7693	48.6030	
-95.0000	-71.4037	29.3028	
-90.0000	-72.6837	74.3182	
-85.0000	-69.0126	81.3422	
-80.0000	-70.9370	60.6704	
-75.0000	-70.3170	72.2711	
-70.0000	-73.0807	80.1360	
-65.0000	-74.8758	82.4189	
-60.0000	-73.2196	107.0228	
-55.0000	-71.1866	122.0798	
-50.0000	-72.9354	98.1757	
-45.0000	-70.8498	158.8844	
-40.0000	-70.0675	116.7637	
-35.0000	-79.1178	-161.2255	
-30.0000	-69.9722	-178.0687	
-25.0000	-71.5380	172.9117	
-20.0000	-71.2788	-171.4521	
-15.0000	-71.1220	-162.1127	
-10.0000	-69.9548	-149.0046	
-5.0000	-69.2336	-145.5601	
0.0000	-69.8261	-138.6985	
5.0000	-69.1112	-130.1151	
10.0000	-68.8717	-133.9638	
15.0000	-68.3240	-141.3148	
20.0000	-66.5364	-143.0070	
25.0000	-65.0136	-136.2969	
30.0000	-64.6669	-129.3389	
35.0000	-65.6526	-128.0267	
40.0000	-65.7705	-131.4977	
45.0000	-65.8894	-131.2213	
50.0000	-66.2983	-134.6069	
55.0000	-65.7868	-135.9056	
60.0000	-66.4620	-133.7040	
65.0000	-67.4008	-134.7908	
70.0000	-67.3147	-149.0219	
75.0000	-67.7128	-142.7610	
80.0000	-67.1320	-157.3702	
85.0000	-66.9272	-162.6628	
90.0000	-66.5289	-161.2360	
95.0000	-67.4975	-161.4807	
100.0000	-67.6424	-169.4337	
105.0000	-66.4257	-177.7727	
110.0000	-69.0137	177.4611	
115.0000	-67.2602	167.3632	
120.0000	-67.1307	160.7915	
125.0000	-67.6182	154.7245	
130.0000	-67.6701	150.0023	
135.0000	-66.2824	138.0415	
140.0000	-66.4791	145.2815	
145.0000	-67.1902	127.0382	
150.0000	-66.6176	128.2613	
155.0000	-66.7066	115.9595	
160.0000	-66.1739	121.6278	
165.0000	-69.9177	116.5784	
170.0000	-69.2198	82.2202	
175.0000	-67.4231	72.7179	
180.0000	-67.6062	63.2175	
			
			
			
[Side Lobes Table]
			
No.	Rel Ampl	Azimuth  [deg]	Absolute Ampl
1L	-4.57	-5.00	-69.23
2L	-5.31	-30.00	-69.97
3L	-5.40	-40.00	-70.07
1R	-1.12	55.00	-65.79
2R	-2.65	70.00	-67.31
3R	-1.86	90.00	-66.53
		 	
File Name:	uwb_dipole.rff		
			
Polarizat.	0.000	Phase	
Frequency	3.400 G	 [GHz]	
Roll  	70.000	[deg]	
Ch.	Channel1		
Beam			
Switch			
Dir	0.00	dBi	
Azimuth  [deg]	Amplitude (dB)	Phase [Deg]	
-180.0000	-69.8700	56.3387	
-175.0000	-69.6515	27.2030	
-170.0000	-70.0423	26.0445	
-165.0000	-69.8150	71.0417	
-160.0000	-66.6126	88.7618	
-155.0000	-67.9260	85.4893	
-150.0000	-69.7747	84.8304	
-145.0000	-70.4560	69.3779	
-140.0000	-71.4188	60.6871	
-135.0000	-71.6067	43.8676	
-130.0000	-72.9045	44.2137	
-125.0000	-73.5297	49.9334	
-120.0000	-72.6606	56.4733	
-115.0000	-71.2686	61.1109	
-110.0000	-70.0635	54.9706	
-105.0000	-70.5746	43.5139	
-100.0000	-69.5251	51.4234	
-95.0000	-73.0300	29.2461	
-90.0000	-75.2930	61.9549	
-85.0000	-70.2345	67.6713	
-80.0000	-76.5269	81.0407	
-75.0000	-72.1300	85.5633	
-70.0000	-72.4621	66.5678	
-65.0000	-79.4748	97.3968	
-60.0000	-75.4750	111.6158	
-55.0000	-71.3150	117.0063	
-50.0000	-79.3775	111.0170	
-45.0000	-70.1174	148.5305	
-40.0000	-74.0324	100.3874	
-35.0000	-75.7545	-154.1046	
-30.0000	-71.4852	175.7417	
-25.0000	-73.5370	175.8839	
-20.0000	-73.4488	-171.3818	
-15.0000	-73.1930	-151.8863	
-10.0000	-70.6698	-145.1016	
-5.0000	-70.7570	-144.1673	
0.0000	-71.5190	-136.4760	
5.0000	-70.9127	-131.2768	
10.0000	-70.6829	-137.4388	
15.0000	-69.9256	-144.0856	
20.0000	-67.7878	-141.2481	
25.0000	-66.6632	-134.8339	
30.0000	-66.7934	-129.6479	
35.0000	-67.4898	-132.3414	
40.0000	-67.7559	-133.1647	
45.0000	-68.0860	-132.5920	
50.0000	-68.4411	-138.9427	
55.0000	-67.6632	-137.2852	
60.0000	-68.3551	-137.3225	
65.0000	-69.5914	-137.0907	
70.0000	-68.5832	-140.2847	
75.0000	-70.3593	-147.8107	
80.0000	-69.4590	-152.1416	
85.0000	-69.0119	-161.6098	
90.0000	-68.5833	-163.7770	
95.0000	-69.0805	-160.5650	
100.0000	-71.2971	-173.5573	
105.0000	-68.0670	-172.6851	
110.0000	-70.5580	172.1739	
115.0000	-70.2194	162.5858	
120.0000	-69.5762	161.6393	
125.0000	-69.3186	151.7177	
130.0000	-70.3196	145.7264	
135.0000	-67.6076	135.8318	
140.0000	-68.6778	141.4756	
145.0000	-68.7519	127.8298	
150.0000	-69.5928	118.5514	
155.0000	-67.0637	114.3861	
160.0000	-68.8361	128.4822	
165.0000	-73.8787	98.7760	
170.0000	-69.5529	74.0179	
175.0000	-68.8103	70.3264	
180.0000	-69.9306	56.0261	
			
			
			
[Side Lobes Table]
			
No.	Rel Ampl	Azimuth  [deg]	Absolute Ampl
1L	-3.04	-175.00	-69.65
1R	-3.45	-110.00	-70.06
2R	-2.91	-100.00	-69.53
3R	-3.62	-85.00	-70.23
		 	
File Name:	uwb_dipole.rff		
			
Polarizat.	0.000	Phase	
Frequency	3.400 G	 [GHz]	
Roll  	75.000	[deg]	
Ch.	Channel1		
Beam			
Switch			
Dir	0.00	dBi	
Azimuth  [deg]	Amplitude (dB)	Phase [Deg]	
-180.0000	-72.2416	64.6504	
-175.0000	-72.5585	28.3719	
-170.0000	-70.6559	18.5016	
-165.0000	-70.6461	57.3744	
-160.0000	-68.0172	89.6487	
-155.0000	-68.6682	95.4242	
-150.0000	-71.9949	104.1861	
-145.0000	-73.9739	85.1378	
-140.0000	-76.6972	60.1858	
-135.0000	-74.1218	45.2712	
-130.0000	-75.3778	25.2093	
-125.0000	-75.9436	20.2022	
-120.0000	-79.0594	31.5035	
-115.0000	-80.2857	57.6001	
-110.0000	-73.1257	74.8305	
-105.0000	-71.8813	53.5501	
-100.0000	-76.4188	62.0332	
-95.0000	-72.4773	52.3507	
-90.0000	-73.0197	56.7019	
-85.0000	-72.5901	72.6649	
-80.0000	-75.0409	27.3215	
-75.0000	-77.8526	121.2729	
-70.0000	-72.3917	88.7154	
-65.0000	-77.0636	38.6583	
-60.0000	-78.5084	119.3030	
-55.0000	-76.0795	121.6109	
-50.0000	-75.7461	101.5896	
-45.0000	-75.4869	168.7561	
-40.0000	-71.9222	124.9784	
-35.0000	-90.0316	97.6974	
-30.0000	-73.9805	-170.8651	
-25.0000	-74.8804	166.8372	
-20.0000	-76.0799	-177.1355	
-15.0000	-76.5428	-163.5909	
-10.0000	-73.9734	-139.6009	
-5.0000	-71.9883	-146.5378	
0.0000	-73.7095	-145.4629	
5.0000	-73.9869	-132.1201	
10.0000	-73.3593	-134.6939	
15.0000	-73.2000	-144.3962	
20.0000	-71.5419	-145.4590	
25.0000	-69.9215	-138.1395	
30.0000	-69.2154	-133.5591	
35.0000	-70.0271	-132.1915	
40.0000	-70.4459	-135.3722	
45.0000	-70.7104	-133.2110	
50.0000	-72.1692	-135.8143	
55.0000	-70.9243	-140.6221	
60.0000	-71.1698	-137.1237	
65.0000	-71.3179	-134.3875	
70.0000	-71.8750	-141.9464	
75.0000	-73.3831	-134.8352	
80.0000	-71.6421	-151.7382	
85.0000	-71.7327	-158.4942	
90.0000	-72.2972	-162.0115	
95.0000	-70.8486	-163.6983	
100.0000	-72.3106	-149.8779	
105.0000	-71.5314	173.6163	
110.0000	-72.5189	-173.3371	
115.0000	-74.1741	177.4907	
120.0000	-72.1103	158.3738	
125.0000	-72.3542	151.6324	
130.0000	-72.3032	162.2125	
135.0000	-72.8306	129.0122	
140.0000	-69.8113	140.1268	
145.0000	-70.8842	135.8709	
150.0000	-72.5685	133.1214	
155.0000	-70.0731	103.1437	
160.0000	-68.8905	124.7040	
165.0000	-76.1006	128.7770	
170.0000	-73.0263	69.9390	
175.0000	-70.4954	73.4292	
180.0000	-72.4221	64.9662	
			
			
			
[Side Lobes Table]
			
No.	Rel Ampl	Azimuth  [deg]	Absolute Ampl
1R	-6.10	-135.00	-74.12
2R	-3.86	-105.00	-71.88
3R	-4.46	-95.00	-72.48
		 	
File Name:	uwb_dipole.rff		
			
Polarizat.	0.000	Phase	
Frequency	3.400 G	 [GHz]	
Roll  	80.000	[deg]	
Ch.	Channel1		
Beam			
Switch			
Dir	0.00	dBi	
Azimuth  [deg]	Amplitude (dB)	Phase [Deg]	
-180.0000	-77.3551	50.0259	
-175.0000	-73.2357	9.6359	
-170.0000	-71.9336	27.2650	
-165.0000	-70.4215	74.6344	
-160.0000	-69.3823	96.5449	
-155.0000	-73.3040	114.2696	
-150.0000	-76.0861	124.6866	
-145.0000	-81.2849	60.0699	
-140.0000	-81.4023	44.1076	
-135.0000	-75.2644	20.5240	
-130.0000	-76.3256	11.1256	
-125.0000	-76.9555	3.8360	
-120.0000	-79.0766	12.8474	
-115.0000	-86.2995	80.2147	
-110.0000	-74.9544	58.1213	
-105.0000	-74.4123	18.2493	
-100.0000	-92.4925	178.6900	
-95.0000	-78.0429	106.6224	
-90.0000	-73.9190	74.6839	
-85.0000	-71.7875	64.2445	
-80.0000	-80.8192	-7.5191	
-75.0000	-79.9139	143.7422	
-70.0000	-74.3716	74.1296	
-65.0000	-88.3373	-25.8266	
-60.0000	-78.8826	117.8599	
-55.0000	-78.7501	120.9171	
-50.0000	-84.1621	131.8488	
-45.0000	-74.7479	161.7852	
-40.0000	-76.4195	105.8079	
-35.0000	-85.0470	-123.3668	
-30.0000	-76.3787	178.3393	
-25.0000	-79.6241	171.4864	
-20.0000	-79.6642	178.9925	
-15.0000	-80.7574	-136.6399	
-10.0000	-74.2859	-134.3254	
-5.0000	-74.9335	-148.4427	
0.0000	-77.6231	-139.9401	
5.0000	-77.4619	-132.0238	
10.0000	-77.5127	-146.0403	
15.0000	-77.7515	-152.4234	
20.0000	-75.1871	-138.1037	
25.0000	-73.4084	-134.4786	
30.0000	-73.1651	-132.3838	
35.0000	-74.1455	-137.5383	
40.0000	-74.5258	-137.0557	
45.0000	-75.7070	-124.7412	
50.0000	-77.1809	-141.9751	
55.0000	-75.1919	-139.3797	
60.0000	-75.5852	-141.0017	
65.0000	-75.9160	-133.6860	
70.0000	-75.1753	-123.2448	
75.0000	-78.3079	-151.6587	
80.0000	-76.8939	-148.6592	
85.0000	-74.5006	-153.9216	
90.0000	-76.5042	-175.9789	
95.0000	-73.4242	-157.7611	
100.0000	-79.8640	-136.2178	
105.0000	-74.7552	-177.2821	
110.0000	-76.1185	-172.1741	
115.0000	-81.1256	161.4138	
120.0000	-77.6437	154.4551	
125.0000	-74.7740	140.9742	
130.0000	-77.1577	175.3717	
135.0000	-75.3348	125.5542	
140.0000	-73.7890	136.0424	
145.0000	-73.2961	139.2309	
150.0000	-80.2556	118.4811	
155.0000	-71.4082	104.7336	
160.0000	-73.3108	139.6003	
165.0000	-85.4590	74.7590	
170.0000	-73.5758	68.4690	
175.0000	-73.7941	79.6125	
180.0000	-77.5875	47.2979	
			
			
			
[Side Lobes Table]
			
No.	Rel Ampl	Azimuth  [deg]	Absolute Ampl
1R	-5.88	-135.00	-75.26
2R	-5.03	-105.00	-74.41
3R	-2.41	-85.00	-71.79
		 	
File Name:	uwb_dipole.rff		
			
Polarizat.	0.000	Phase	
Frequency	3.400 G	 [GHz]	
Roll  	85.000	[deg]	
Ch.	Channel1		
Beam			
Switch			
Dir	0.00	dBi	
Azimuth  [deg]	Amplitude (dB)	Phase [Deg]	
-180.0000	-83.8113	79.8963	
-175.0000	-77.6969	-3.4869	
-170.0000	-73.3818	11.9373	
-165.0000	-72.6679	62.9946	
-160.0000	-71.1210	93.1146	
-155.0000	-74.7012	115.0314	
-150.0000	-76.4890	148.2440	
-145.0000	-83.1491	101.0252	
-140.0000	-89.7427	-1.6334	
-135.0000	-78.0669	36.5020	
-130.0000	-78.8305	17.6367	
-125.0000	-77.2307	23.4428	
-120.0000	-79.1047	39.2787	
-115.0000	-79.9222	19.2494	
-110.0000	-74.9497	54.5937	
-105.0000	-73.0157	18.7203	
-100.0000	-72.0148	-56.0018	
-95.0000	-76.7919	-147.1457	
-90.0000	-75.6182	125.1660	
-85.0000	-76.5132	99.1287	
-80.0000	-77.4477	36.7461	
-75.0000	-96.3672	-86.5266	
-70.0000	-82.3747	114.0878	
-65.0000	-80.4007	-5.2577	
-60.0000	-83.2849	179.9401	
-55.0000	-83.5381	107.2192	
-50.0000	-86.6528	137.6892	
-45.0000	-80.9744	-170.6397	
-40.0000	-77.5036	140.0720	
-35.0000	-89.2873	33.2819	
-30.0000	-80.0291	-154.8408	
-25.0000	-82.3906	156.4738	
-20.0000	-84.7094	160.5518	
-15.0000	-93.2716	-156.8339	
-10.0000	-78.8201	-113.9802	
-5.0000	-76.6277	-147.0081	
0.0000	-81.2010	-160.1414	
5.0000	-85.1338	-140.0047	
10.0000	-86.6233	-138.0585	
15.0000	-88.0675	-151.9447	
20.0000	-83.7483	-137.8380	
25.0000	-80.8104	-134.3762	
30.0000	-78.7938	-136.6388	
35.0000	-80.6882	-137.6207	
40.0000	-83.1594	-143.8396	
45.0000	-82.3013	-125.2962	
50.0000	-91.4910	-68.8606	
55.0000	-85.1075	-138.9327	
60.0000	-90.2302	-123.4745	
65.0000	-84.3013	-134.8384	
70.0000	-81.2434	-127.1368	
75.0000	-86.0955	-63.7569	
80.0000	-81.4426	-130.3091	
85.0000	-81.1013	-166.8600	
90.0000	-86.8579	-97.4866	
95.0000	-79.8195	-174.6190	
100.0000	-78.2772	-119.3214	
105.0000	-89.6493	134.6151	
110.0000	-81.4622	-174.7284	
115.0000	-82.6924	-117.7467	
120.0000	-89.2930	134.8310	
125.0000	-86.5514	110.5117	
130.0000	-79.4213	168.8093	
135.0000	-90.4584	156.3658	
140.0000	-81.0264	133.0747	
145.0000	-76.4674	131.3333	
150.0000	-81.1480	175.7117	
155.0000	-78.7799	66.8827	
160.0000	-75.2666	126.6806	
165.0000	-90.6337	-152.1746	
170.0000	-78.2266	36.1145	
175.0000	-76.0837	78.2613	
180.0000	-84.6056	77.2142	
			
			
			
[Side Lobes Table]
			
No.	Rel Ampl	Azimuth  [deg]	Absolute Ampl
1R	-6.95	-135.00	-78.07
2R	-6.11	-125.00	-77.23
3R	-0.89	-100.00	-72.01
		 	
File Name:	uwb_dipole.rff		
			
Polarizat.	0.000	Phase	
Frequency	3.400 G	 [GHz]	
Roll  	90.000	[deg]	
Ch.	Channel1		
Beam			
Switch			
Dir	0.00	dBi	
Azimuth  [deg]	Amplitude (dB)	Phase [Deg]	
-180.0000	-85.0138	-88.1495	
-175.0000	-76.3328	-20.8394	
-170.0000	-76.0811	33.7303	
-165.0000	-74.1096	81.9847	
-160.0000	-75.6469	103.1561	
-155.0000	-79.4491	163.9649	
-150.0000	-79.0127	152.6465	
-145.0000	-88.4192	66.0989	
-140.0000	-85.1740	110.7892	
-135.0000	-80.4117	62.1757	
-130.0000	-79.4650	86.0062	
-125.0000	-79.2766	89.5713	
-120.0000	-74.6485	75.6400	
-115.0000	-76.9180	73.1777	
-110.0000	-72.8280	33.2401	
-105.0000	-71.0275	-3.9166	
-100.0000	-71.1461	-86.4948	
-95.0000	-75.0429	-135.4793	
-90.0000	-86.6424	172.2606	
-85.0000	-79.3383	156.6104	
-80.0000	-91.0454	139.8107	
-75.0000	-89.6407	-70.5638	
-70.0000	-96.8445	13.4031	
-65.0000	-77.7355	-64.2521	
-60.0000	-83.7977	-175.1378	
-55.0000	-98.4000	143.0863	
-50.0000	-87.6869	-130.6932	
-45.0000	-80.5931	-161.6459	
-40.0000	-83.0653	104.7488	
-35.0000	-83.5731	-60.0035	
-30.0000	-85.0628	-163.6327	
-25.0000	-89.9034	95.0215	
-20.0000	-90.9850	62.0268	
-15.0000	-85.6163	-37.1322	
-10.0000	-80.7475	-114.1343	
-5.0000	-82.2065	-172.3583	
0.0000	-88.0960	101.4347	
5.0000	-88.5004	29.7212	
10.0000	-91.8068	39.5420	
15.0000	-88.5590	57.7013	
20.0000	-89.9356	38.8631	
25.0000	-91.3848	68.1669	
30.0000	-94.2993	88.7043	
35.0000	-88.6117	56.4015	
40.0000	-88.3027	50.0673	
45.0000	-81.9012	-0.5771	
50.0000	-80.5658	33.1731	
55.0000	-83.5243	6.1075	
60.0000	-81.3488	38.5994	
65.0000	-83.7113	41.6944	
70.0000	-83.4170	-16.6909	
75.0000	-85.4564	56.5135	
80.0000	-83.3049	-14.7338	
85.0000	-85.1715	-120.1787	
90.0000	-84.6346	18.1498	
95.0000	-87.4107	-120.9410	
100.0000	-77.2980	-40.2387	
105.0000	-84.1063	19.1132	
110.0000	-90.8502	-141.1024	
115.0000	-79.7993	-35.6320	
120.0000	-85.1050	-19.9321	
125.0000	-86.7630	11.2541	
130.0000	-85.6298	-88.7723	
135.0000	-93.2758	-56.1798	
140.0000	-91.7641	43.9255	
145.0000	-81.4911	158.5029	
150.0000	-81.3431	-69.1822	
155.0000	-81.8986	60.9542	
160.0000	-83.6652	-161.6723	
165.0000	-79.0592	-40.0386	
170.0000	-79.5001	40.6951	
175.0000	-83.6488	117.0124	
180.0000	-83.8229	-83.2847	
			
			
			
[Side Lobes Table]
			
No.	Rel Ampl	Azimuth  [deg]	Absolute Ampl
1L	-3.62	-120.00	-74.65
2L	-7.99	-150.00	-79.01
1R	-8.31	-85.00	-79.34
2R	-18.61	-75.00	-89.64
3R	-6.71	-65.00	-77.74
		 	
File Name:	uwb_dipole.rff		
			
Polarizat.	0.000	Phase	
Frequency	3.400 G	 [GHz]	
Roll  	95.000	[deg]	
Ch.	Channel1		
Beam			
Switch			
Dir	0.00	dBi	
Azimuth  [deg]	Amplitude (dB)	Phase [Deg]	
-180.0000	-78.4629	-131.0304	
-175.0000	-76.7982	-69.6854	
-170.0000	-78.4565	-6.7481	
-165.0000	-77.4993	75.0672	
-160.0000	-79.0637	93.3949	
-155.0000	-87.9596	-166.3013	
-150.0000	-78.5222	-179.3473	
-145.0000	-81.9292	122.3747	
-140.0000	-83.7682	160.1278	
-135.0000	-76.9277	122.3379	
-130.0000	-76.1030	134.2331	
-125.0000	-75.0500	126.3148	
-120.0000	-72.3059	118.2827	
-115.0000	-75.6231	89.9163	
-110.0000	-73.2342	58.7417	
-105.0000	-76.3936	23.7019	
-100.0000	-70.7215	-48.4509	
-95.0000	-74.3047	-94.7387	
-90.0000	-78.5964	-109.0760	
-85.0000	-72.8599	-120.9033	
-80.0000	-77.1867	-163.0504	
-75.0000	-87.5095	-169.3092	
-70.0000	-81.5988	-102.2769	
-65.0000	-77.4463	-40.6543	
-60.0000	-75.7033	-104.5376	
-55.0000	-89.4896	-114.3057	
-50.0000	-84.4576	-94.5718	
-45.0000	-81.3076	-109.2670	
-40.0000	-88.1872	163.2881	
-35.0000	-80.4536	-12.1133	
-30.0000	-84.8986	-98.5355	
-25.0000	-85.2519	48.8875	
-20.0000	-82.7436	25.8889	
-15.0000	-80.9222	5.0409	
-10.0000	-81.6351	-43.2129	
-5.0000	-88.9365	179.3291	
0.0000	-81.0310	76.8809	
5.0000	-78.9164	45.9523	
10.0000	-79.9380	44.4773	
15.0000	-78.8539	50.7081	
20.0000	-77.5353	44.0281	
25.0000	-76.2706	43.6013	
30.0000	-76.7213	54.5217	
35.0000	-76.8501	49.4461	
40.0000	-76.0364	45.5032	
45.0000	-76.6845	28.4877	
50.0000	-73.2670	25.6264	
55.0000	-75.4097	26.0182	
60.0000	-73.3989	27.0216	
65.0000	-74.2481	33.0449	
70.0000	-76.1735	25.6950	
75.0000	-73.6631	32.2422	
80.0000	-78.7616	-6.4814	
85.0000	-78.9211	37.3664	
90.0000	-75.7716	-6.7889	
95.0000	-82.4793	17.4670	
100.0000	-76.0999	-43.7205	
105.0000	-73.4901	-3.7445	
110.0000	-79.2013	7.6824	
115.0000	-76.5412	-38.1200	
120.0000	-76.7264	-17.3525	
125.0000	-76.2419	-22.8712	
130.0000	-79.3562	-41.4223	
135.0000	-78.1830	-42.2189	
140.0000	-77.4423	-51.3916	
145.0000	-88.1664	22.1129	
150.0000	-76.8678	-96.8618	
155.0000	-76.7688	-34.6897	
160.0000	-85.6929	-87.0668	
165.0000	-75.1064	-67.7052	
170.0000	-77.6013	-15.3546	
175.0000	-89.1563	125.2965	
180.0000	-77.8301	-127.5213	
			
			
			
[Side Lobes Table]
			
No.	Rel Ampl	Azimuth  [deg]	Absolute Ampl
1L	-2.51	-110.00	-73.23
2L	-1.58	-120.00	-72.31
3L	-7.80	-150.00	-78.52
1R	-2.14	-85.00	-72.86
2R	-4.98	-60.00	-75.70
3R	-10.59	-45.00	-81.31
		 	
File Name:	uwb_dipole.rff		
			
Polarizat.	0.000	Phase	
Frequency	3.400 G	 [GHz]	
Roll  	100.000	[deg]	
Ch.	Channel1		
Beam			
Switch			
Dir	0.00	dBi	
Azimuth  [deg]	Amplitude (dB)	Phase [Deg]	
-180.0000	-72.9661	-114.8511	
-175.0000	-76.2478	-70.7999	
-170.0000	-85.6329	5.4322	
-165.0000	-83.6498	77.1930	
-160.0000	-88.3658	-45.8306	
-155.0000	-79.1128	-123.9143	
-150.0000	-78.3764	156.4638	
-145.0000	-80.6939	131.2223	
-140.0000	-73.9852	155.2787	
-135.0000	-73.3218	146.1072	
-130.0000	-72.1965	149.2615	
-125.0000	-71.7970	150.6028	
-120.0000	-72.5260	121.8990	
-115.0000	-75.6192	116.7600	
-110.0000	-87.2233	37.8896	
-105.0000	-81.1410	17.4135	
-100.0000	-75.3161	-93.7109	
-95.0000	-74.3146	-76.3739	
-90.0000	-72.0072	-78.6713	
-85.0000	-70.2858	-130.0090	
-80.0000	-74.6009	-140.4834	
-75.0000	-77.8972	-110.5118	
-70.0000	-82.1031	-91.5506	
-65.0000	-72.7355	-60.8717	
-60.0000	-77.0666	-105.9492	
-55.0000	-80.6010	-82.2260	
-50.0000	-79.5607	-79.1930	
-45.0000	-80.1202	-105.0324	
-40.0000	-83.8747	6.4505	
-35.0000	-77.2974	-39.6381	
-30.0000	-88.8065	16.1583	
-25.0000	-77.7625	24.7122	
-20.0000	-77.6147	19.7048	
-15.0000	-77.1834	4.1957	
-10.0000	-83.8913	-14.2036	
-5.0000	-80.9829	68.8356	
0.0000	-75.1694	53.1184	
5.0000	-74.3139	43.1586	
10.0000	-74.5900	44.8780	
15.0000	-73.4881	46.7488	
20.0000	-71.9842	41.5647	
25.0000	-71.1093	46.2301	
30.0000	-71.5758	48.6636	
35.0000	-71.4377	43.0897	
40.0000	-71.5540	41.8426	
45.0000	-71.1625	25.0045	
50.0000	-70.2717	32.8349	
55.0000	-70.7061	21.7847	
60.0000	-69.9829	32.7467	
65.0000	-70.6538	31.6856	
70.0000	-70.8800	16.9419	
75.0000	-72.6916	35.7994	
80.0000	-71.1836	7.5924	
85.0000	-77.4987	6.8117	
90.0000	-72.4268	11.5723	
95.0000	-75.2912	-6.1784	
100.0000	-71.3273	-21.4863	
105.0000	-71.7555	-4.3574	
110.0000	-74.3070	-18.9006	
115.0000	-71.7456	-21.2108	
120.0000	-73.2969	-24.8874	
125.0000	-72.3250	-23.4668	
130.0000	-73.1289	-43.5069	
135.0000	-74.3396	-54.5208	
140.0000	-72.2312	-36.9692	
145.0000	-81.9008	-67.4384	
150.0000	-71.4967	-69.7573	
155.0000	-75.1909	-48.0888	
160.0000	-73.3979	-77.2233	
165.0000	-71.3759	-53.9954	
170.0000	-80.2153	-27.0017	
175.0000	-78.2454	-145.5751	
180.0000	-72.7798	-112.2782	
			
			
			
[Side Lobes Table]
			
No.	Rel Ampl	Azimuth  [deg]	Absolute Ampl
1L	-0.29	50.00	-70.27
2L	-1.45	35.00	-71.44
3L	-1.13	25.00	-71.11
1R	-1.20	80.00	-71.18
2R	-2.44	90.00	-72.43
3R	-1.34	100.00	-71.33
		 	
File Name:	uwb_dipole.rff		
			
Polarizat.	0.000	Phase	
Frequency	3.400 G	 [GHz]	
Roll  	105.000	[deg]	
Ch.	Channel1		
Beam			
Switch			
Dir	0.00	dBi	
Azimuth  [deg]	Amplitude (dB)	Phase [Deg]	
-180.0000	-70.6234	-122.1731	
-175.0000	-71.8746	-100.2195	
-170.0000	-80.0439	-79.8789	
-165.0000	-101.7974	160.7356	
-160.0000	-80.9341	-49.7090	
-155.0000	-75.4402	-79.5491	
-150.0000	-80.6696	-162.0522	
-145.0000	-78.1962	125.6007	
-140.0000	-74.5995	157.1658	
-135.0000	-71.7533	152.2547	
-130.0000	-71.4564	157.5773	
-125.0000	-72.6993	166.7486	
-120.0000	-72.2466	159.3311	
-115.0000	-76.0847	176.0652	
-110.0000	-81.3223	167.9575	
-105.0000	-75.0404	179.4230	
-100.0000	-78.4387	-88.5157	
-95.0000	-76.3593	-59.7287	
-90.0000	-71.6862	-86.7027	
-85.0000	-69.2336	-106.0836	
-80.0000	-71.4964	-112.6425	
-75.0000	-72.1521	-126.9605	
-70.0000	-76.8353	-115.1443	
-65.0000	-74.2483	-55.0019	
-60.0000	-72.4363	-86.0388	
-55.0000	-76.9732	-82.0965	
-50.0000	-77.1842	-72.1927	
-45.0000	-76.7568	-78.5003	
-40.0000	-85.5397	-39.2831	
-35.0000	-74.8424	-23.0498	
-30.0000	-81.3879	-32.5735	
-25.0000	-75.6139	23.6153	
-20.0000	-74.5620	16.2104	
-15.0000	-73.7766	15.4605	
-10.0000	-75.6634	4.6651	
-5.0000	-78.7364	44.4997	
0.0000	-73.6229	55.4259	
5.0000	-71.6908	46.6154	
10.0000	-71.5877	43.4787	
15.0000	-70.9858	44.5050	
20.0000	-69.5170	42.6368	
25.0000	-68.2139	43.9151	
30.0000	-68.3712	46.9246	
35.0000	-68.6576	43.0749	
40.0000	-68.3146	40.9747	
45.0000	-69.0977	32.1874	
50.0000	-67.2621	30.3466	
55.0000	-68.7463	27.5818	
60.0000	-67.4370	27.8320	
65.0000	-68.0128	28.8921	
70.0000	-69.1253	22.7463	
75.0000	-67.6637	27.6927	
80.0000	-70.1496	5.8957	
85.0000	-70.1729	29.5980	
90.0000	-69.9312	-3.4005	
95.0000	-71.1894	-0.6189	
100.0000	-70.5994	-7.1287	
105.0000	-69.0309	-10.4089	
110.0000	-70.2757	-18.0310	
115.0000	-69.6656	-19.1456	
120.0000	-70.1612	-20.2282	
125.0000	-69.5230	-31.8629	
130.0000	-70.4592	-36.6541	
135.0000	-71.2704	-43.9897	
140.0000	-68.8840	-58.1453	
145.0000	-72.8703	-31.6470	
150.0000	-71.0279	-77.5491	
155.0000	-69.9041	-55.6881	
160.0000	-71.3272	-70.5945	
165.0000	-69.0107	-64.4970	
170.0000	-73.0418	-46.8100	
175.0000	-78.5314	-122.4846	
180.0000	-70.4985	-122.3746	
			
			
			
[Side Lobes Table]
			
No.	Rel Ampl	Azimuth  [deg]	Absolute Ampl
1L	-1.05	40.00	-68.31
2L	-0.95	25.00	-68.21
3L	-6.51	-15.00	-73.78
1R	-0.17	60.00	-67.44
2R	-0.40	75.00	-67.66
3R	-2.67	90.00	-69.93
		 	
File Name:	uwb_dipole.rff		
			
Polarizat.	0.000	Phase	
Frequency	3.400 G	 [GHz]	
Roll  	110.000	[deg]	
Ch.	Channel1		
Beam			
Switch			
Dir	0.00	dBi	
Azimuth  [deg]	Amplitude (dB)	Phase [Deg]	
-180.0000	-68.0938	-115.1487	
-175.0000	-72.3989	-102.1424	
-170.0000	-80.6820	-124.1051	
-165.0000	-81.7890	-83.4131	
-160.0000	-72.3287	-65.4248	
-155.0000	-73.4856	-86.9361	
-150.0000	-83.1676	167.0314	
-145.0000	-80.9672	140.9035	
-140.0000	-73.9482	167.6074	
-135.0000	-73.3912	168.1208	
-130.0000	-74.0411	-178.6916	
-125.0000	-71.6753	-158.9898	
-120.0000	-72.3888	-160.0372	
-115.0000	-70.4833	-164.5321	
-110.0000	-72.4447	-153.8101	
-105.0000	-79.7105	170.4640	
-100.0000	-74.8398	-108.0052	
-95.0000	-71.0850	-90.2226	
-90.0000	-72.2533	-91.2090	
-85.0000	-69.6779	-99.3965	
-80.0000	-68.0754	-110.5590	
-75.0000	-72.2912	-122.3355	
-70.0000	-74.4232	-83.0472	
-65.0000	-71.5004	-69.4776	
-60.0000	-73.0024	-75.9665	
-55.0000	-74.5362	-74.6957	
-50.0000	-74.9670	-62.4007	
-45.0000	-77.0443	-68.5001	
-40.0000	-75.9338	-11.6180	
-35.0000	-74.2092	-31.6585	
-30.0000	-76.4142	17.9690	
-25.0000	-71.9191	16.4434	
-20.0000	-72.2264	17.8679	
-15.0000	-71.9865	13.2648	
-10.0000	-75.2117	17.3141	
-5.0000	-73.7382	53.3532	
0.0000	-69.9666	50.6872	
5.0000	-69.2638	44.7548	
10.0000	-69.2597	43.2188	
15.0000	-68.1170	44.0056	
20.0000	-66.6953	42.1550	
25.0000	-65.8712	45.6459	
30.0000	-66.3666	45.1253	
35.0000	-66.3592	41.1024	
40.0000	-66.7298	40.3756	
45.0000	-66.3791	27.8244	
50.0000	-66.1798	34.4750	
55.0000	-66.4967	24.7306	
60.0000	-66.0783	29.4406	
65.0000	-66.4726	26.9866	
70.0000	-66.3954	15.5546	
75.0000	-67.0246	27.9849	
80.0000	-66.2204	11.8310	
85.0000	-71.3753	15.8401	
90.0000	-67.8493	4.6074	
95.0000	-67.7790	-2.5196	
100.0000	-68.5263	-10.9737	
105.0000	-67.4933	-13.7296	
110.0000	-67.3897	-17.5576	
115.0000	-67.9917	-21.5588	
120.0000	-68.1139	-29.4023	
125.0000	-67.5511	-30.8581	
130.0000	-68.0132	-41.0107	
135.0000	-69.2713	-57.7497	
140.0000	-66.5691	-47.4618	
145.0000	-72.1290	-57.7441	
150.0000	-67.3369	-67.8573	
155.0000	-68.6830	-61.0908	
160.0000	-67.6404	-71.2301	
165.0000	-67.9934	-58.0386	
170.0000	-74.6304	-66.3428	
175.0000	-70.6433	-128.0584	
180.0000	-68.0167	-115.6401	
			
			
			
[Side Lobes Table]
			
No.	Rel Ampl	Azimuth  [deg]	Absolute Ampl
1L	-6.12	-15.00	-71.99
2L	-6.05	-25.00	-71.92
3L	-8.34	-35.00	-74.21
1R	-0.49	35.00	-66.36
2R	-0.31	50.00	-66.18
3R	-0.21	60.00	-66.08
		 	
File Name:	uwb_dipole.rff		
			
Polarizat.	0.000	Phase	
Frequency	3.400 G	 [GHz]	
Roll  	115.000	[deg]	
Ch.	Channel1		
Beam			
Switch			
Dir	0.00	dBi	
Azimuth  [deg]	Amplitude (dB)	Phase [Deg]	
-180.0000	-66.5168	-120.8438	
-175.0000	-68.2424	-110.2772	
-170.0000	-74.1470	-116.5159	
-165.0000	-78.7084	-118.9252	
-160.0000	-71.8849	-70.4923	
-155.0000	-69.2750	-78.2727	
-150.0000	-75.8407	-109.5797	
-145.0000	-86.0603	-164.0863	
-140.0000	-77.0355	-156.4136	
-135.0000	-73.9231	-159.5527	
-130.0000	-72.7133	-148.3423	
-125.0000	-69.6376	-135.0990	
-120.0000	-68.4795	-148.4207	
-115.0000	-68.4014	-152.6180	
-110.0000	-73.4046	-161.0534	
-105.0000	-72.1744	-155.6804	
-100.0000	-70.4696	-109.3861	
-95.0000	-72.5928	-113.4430	
-90.0000	-72.9632	-104.8225	
-85.0000	-68.6569	-84.3620	
-80.0000	-67.5190	-101.8451	
-75.0000	-69.8361	-114.9606	
-70.0000	-71.7286	-91.4408	
-65.0000	-71.9225	-81.3318	
-60.0000	-71.3943	-66.7007	
-55.0000	-72.4003	-73.2076	
-50.0000	-74.0440	-59.0452	
-45.0000	-74.0179	-60.0599	
-40.0000	-76.1555	-23.1122	
-35.0000	-72.3076	-22.8639	
-30.0000	-75.6980	3.8161	
-25.0000	-70.5244	17.5713	
-20.0000	-70.5039	16.2018	
-15.0000	-69.8059	17.8464	
-10.0000	-71.0560	14.5500	
-5.0000	-72.4924	42.8816	
0.0000	-69.1316	51.7033	
5.0000	-67.6795	45.6606	
10.0000	-67.5887	42.0475	
15.0000	-66.7879	41.7110	
20.0000	-65.4759	40.8465	
25.0000	-64.3269	43.1675	
30.0000	-64.4571	45.0541	
35.0000	-64.8053	40.7473	
40.0000	-64.6775	39.6117	
45.0000	-65.3978	32.4842	
50.0000	-64.0203	31.5541	
55.0000	-65.3313	27.8369	
60.0000	-64.3063	26.6196	
65.0000	-64.7247	24.7372	
70.0000	-65.2331	20.0328	
75.0000	-64.3175	23.9540	
80.0000	-66.2563	5.6333	
85.0000	-66.5235	20.0154	
90.0000	-65.6415	-4.9312	
95.0000	-66.5151	0.1464	
100.0000	-67.4534	-2.6710	
105.0000	-65.4726	-19.4610	
110.0000	-65.6030	-19.6684	
115.0000	-66.7340	-18.2739	
120.0000	-66.2404	-27.7877	
125.0000	-65.8933	-34.4406	
130.0000	-66.4632	-39.0442	
135.0000	-67.3133	-46.1738	
140.0000	-64.9434	-58.6856	
145.0000	-68.0280	-41.6709	
150.0000	-67.0520	-72.1819	
155.0000	-66.1571	-62.6714	
160.0000	-66.3320	-71.3062	
165.0000	-65.8841	-63.7544	
170.0000	-70.4866	-60.6402	
175.0000	-71.5595	-120.1157	
180.0000	-66.6187	-121.6649	
			
			
			
[Side Lobes Table]
			
No.	Rel Ampl	Azimuth  [deg]	Absolute Ampl
1L	-0.66	40.00	-64.68
2L	-0.31	25.00	-64.33
3L	-5.79	-15.00	-69.81
1R	-0.29	60.00	-64.31
2R	-0.30	75.00	-64.32
3R	-1.62	90.00	-65.64
		 	
File Name:	uwb_dipole.rff		
			
Polarizat.	0.000	Phase	
Frequency	3.400 G	 [GHz]	
Roll  	120.000	[deg]	
Ch.	Channel1		
Beam			
Switch			
Dir	0.00	dBi	
Azimuth  [deg]	Amplitude (dB)	Phase [Deg]	
-180.0000	-65.0426	-117.3928	
-175.0000	-68.7009	-114.6023	
-170.0000	-73.4271	-129.9942	
-165.0000	-74.2905	-88.3857	
-160.0000	-67.9028	-72.1785	
-155.0000	-68.3914	-89.4633	
-150.0000	-75.3251	-118.0964	
-145.0000	-75.8820	-121.2998	
-140.0000	-71.7141	-129.7719	
-135.0000	-70.0749	-134.1351	
-130.0000	-68.9515	-130.4188	
-125.0000	-67.1630	-141.0023	
-120.0000	-68.7591	-148.3366	
-115.0000	-70.6338	-154.3324	
-110.0000	-70.0390	-115.4231	
-105.0000	-70.3344	-123.9020	
-100.0000	-68.8261	-130.9491	
-95.0000	-71.6107	-95.8571	
-90.0000	-70.8112	-88.2637	
-85.0000	-67.7483	-94.2247	
-80.0000	-68.2076	-98.2605	
-75.0000	-69.8784	-99.5484	
-70.0000	-69.7017	-85.8044	
-65.0000	-71.9612	-65.5647	
-60.0000	-69.9147	-63.2027	
-55.0000	-72.8368	-65.3713	
-50.0000	-72.7399	-49.2870	
-45.0000	-73.9191	-42.4904	
-40.0000	-72.0968	-14.6443	
-35.0000	-72.9156	-13.2361	
-30.0000	-70.6758	18.4857	
-25.0000	-68.8601	16.2932	
-20.0000	-68.6862	22.4164	
-15.0000	-68.4311	18.1364	
-10.0000	-70.4227	25.9855	
-5.0000	-69.1589	48.0174	
0.0000	-66.9460	48.6247	
5.0000	-66.2395	43.6190	
10.0000	-65.9990	40.0066	
15.0000	-64.9237	39.8689	
20.0000	-63.5787	38.9702	
25.0000	-62.9193	44.0068	
30.0000	-63.4211	42.8460	
35.0000	-63.2867	36.8414	
40.0000	-63.7571	37.1735	
45.0000	-63.4231	26.5688	
50.0000	-63.3323	32.5744	
55.0000	-63.5141	22.0929	
60.0000	-63.1785	25.4701	
65.0000	-63.3353	23.2799	
70.0000	-63.4422	16.8282	
75.0000	-64.4152	24.0003	
80.0000	-63.8732	5.4386	
85.0000	-66.6232	2.2762	
90.0000	-64.1080	3.3597	
95.0000	-64.8484	-2.6149	
100.0000	-66.1208	-17.8343	
105.0000	-63.9441	-16.5092	
110.0000	-64.5160	-18.9489	
115.0000	-65.2186	-28.5502	
120.0000	-64.9672	-33.7177	
125.0000	-64.5111	-35.8831	
130.0000	-65.0813	-44.7946	
135.0000	-65.6613	-58.5349	
140.0000	-63.7818	-51.2684	
145.0000	-67.3992	-59.9145	
150.0000	-64.5421	-68.4403	
155.0000	-64.9938	-67.5962	
160.0000	-64.3075	-68.8232	
165.0000	-65.8195	-59.6728	
170.0000	-71.2778	-80.8817	
175.0000	-66.8930	-125.0370	
180.0000	-65.0886	-117.3414	
			
			
			
[Side Lobes Table]
			
No.	Rel Ampl	Azimuth  [deg]	Absolute Ampl
1L	-5.51	-15.00	-68.43
2L	-9.18	-40.00	-72.10
3L	-9.82	-50.00	-72.74
1R	-0.37	35.00	-63.29
2R	-0.41	50.00	-63.33
3R	-0.26	60.00	-63.18
		 	
File Name:	uwb_dipole.rff		
			
Polarizat.	0.000	Phase	
Frequency	3.400 G	 [GHz]	
Roll  	125.000	[deg]	
Ch.	Channel1		
Beam			
Switch			
Dir	0.00	dBi	
Azimuth  [deg]	Amplitude (dB)	Phase [Deg]	
-180.0000	-64.0309	-120.8500	
-175.0000	-65.3698	-115.9090	
-170.0000	-69.9270	-126.4295	
-165.0000	-73.5825	-114.1474	
-160.0000	-68.1360	-71.2604	
-155.0000	-66.4323	-81.5799	
-150.0000	-70.2568	-108.0274	
-145.0000	-72.9931	-118.9034	
-140.0000	-70.3546	-121.0521	
-135.0000	-68.5456	-129.3726	
-130.0000	-68.5465	-129.0944	
-125.0000	-67.6151	-130.0772	
-120.0000	-69.2602	-135.4928	
-115.0000	-70.0526	-125.7455	
-110.0000	-69.7243	-104.5892	
-105.0000	-66.8555	-130.1779	
-100.0000	-69.0549	-119.4122	
-95.0000	-71.7317	-96.5293	
-90.0000	-68.7741	-106.5020	
-85.0000	-69.5612	-83.1160	
-80.0000	-68.1677	-90.6900	
-75.0000	-68.2178	-98.3468	
-70.0000	-69.2044	-75.9784	
-65.0000	-71.3600	-80.2767	
-60.0000	-69.0926	-52.2720	
-55.0000	-71.4605	-65.3556	
-50.0000	-72.0760	-43.4416	
-45.0000	-72.1335	-36.8910	
-40.0000	-71.4798	-17.8790	
-35.0000	-71.0647	-12.1116	
-30.0000	-70.1977	16.5187	
-25.0000	-67.8775	16.7165	
-20.0000	-67.7460	21.9563	
-15.0000	-66.8362	21.8014	
-10.0000	-68.0557	22.1163	
-5.0000	-68.6026	40.3067	
0.0000	-66.3967	49.7573	
5.0000	-65.3250	46.1730	
10.0000	-65.1326	40.5442	
15.0000	-64.3514	38.6396	
20.0000	-62.9499	37.4848	
25.0000	-61.8894	40.7164	
30.0000	-62.1383	42.0468	
35.0000	-62.4509	36.7748	
40.0000	-62.1959	35.5141	
45.0000	-62.9166	27.6708	
50.0000	-61.5351	27.8742	
55.0000	-62.6835	24.4067	
60.0000	-61.6496	22.4638	
65.0000	-62.3632	22.6717	
70.0000	-62.7267	19.3185	
75.0000	-62.4285	17.7211	
80.0000	-63.9069	0.8137	
85.0000	-63.6876	8.2178	
90.0000	-62.6045	-5.4250	
95.0000	-64.2741	-5.0372	
100.0000	-64.2880	-8.8584	
105.0000	-62.5582	-22.1468	
110.0000	-63.7628	-21.9262	
115.0000	-64.1810	-26.8863	
120.0000	-63.5211	-33.7569	
125.0000	-63.2541	-40.0968	
130.0000	-64.3627	-44.2961	
135.0000	-64.0511	-52.6758	
140.0000	-62.9930	-58.6892	
145.0000	-65.0622	-50.7481	
150.0000	-64.3393	-69.1353	
155.0000	-63.8016	-67.7726	
160.0000	-63.2796	-73.2912	
165.0000	-63.7507	-63.4468	
170.0000	-68.6333	-69.5553	
175.0000	-67.6452	-120.8839	
180.0000	-63.8844	-120.0534	
			
			
			
[Side Lobes Table]
			
No.	Rel Ampl	Azimuth  [deg]	Absolute Ampl
1L	-0.66	40.00	-62.20
2L	-0.35	25.00	-61.89
3L	-5.30	-15.00	-66.84
1R	-0.11	60.00	-61.65
2R	-0.89	75.00	-62.43
3R	-1.07	90.00	-62.60
		 	
File Name:	uwb_dipole.rff		
			
Polarizat.	0.000	Phase	
Frequency	3.400 G	 [GHz]	
Roll  	130.000	[deg]	
Ch.	Channel1		
Beam			
Switch			
Dir	0.00	dBi	
Azimuth  [deg]	Amplitude (dB)	Phase [Deg]	
-180.0000	-63.0224	-117.9728	
-175.0000	-66.0734	-121.4134	
-170.0000	-69.7276	-130.1014	
-165.0000	-70.4258	-84.5741	
-160.0000	-65.4929	-72.0134	
-155.0000	-66.5600	-89.6210	
-150.0000	-71.3219	-110.8151	
-145.0000	-70.8581	-113.1062	
-140.0000	-68.6681	-115.7202	
-135.0000	-68.3450	-121.7535	
-130.0000	-68.1921	-113.8872	
-125.0000	-68.1180	-118.6705	
-120.0000	-68.2180	-110.1176	
-115.0000	-67.8963	-111.6345	
-110.0000	-66.2224	-113.7732	
-105.0000	-70.1292	-125.9474	
-100.0000	-68.7566	-106.9699	
-95.0000	-67.4458	-99.2764	
-90.0000	-73.3290	-107.6888	
-85.0000	-67.3941	-78.5352	
-80.0000	-68.3854	-86.0371	
-75.0000	-69.5977	-80.0710	
-70.0000	-68.2653	-79.0083	
-65.0000	-71.2637	-46.9950	
-60.0000	-68.7966	-56.6633	
-55.0000	-71.8059	-42.3006	
-50.0000	-71.4447	-32.1731	
-45.0000	-70.5430	-16.7055	
-40.0000	-70.0964	-10.9958	
-35.0000	-70.1532	8.5400	
-30.0000	-67.2614	17.9949	
-25.0000	-66.8941	21.2386	
-20.0000	-66.0301	27.2472	
-15.0000	-65.9923	22.6181	
-10.0000	-67.4763	29.9899	
-5.0000	-66.6665	46.3652	
0.0000	-64.8464	48.5353	
5.0000	-64.2893	43.7575	
10.0000	-64.0432	38.7114	
15.0000	-62.9083	36.6118	
20.0000	-61.4430	35.5910	
25.0000	-60.9605	40.7166	
30.0000	-61.4886	39.3018	
35.0000	-61.2676	34.2238	
40.0000	-61.6114	33.2787	
45.0000	-61.2256	22.7716	
50.0000	-60.9235	28.1570	
55.0000	-61.2955	20.5866	
60.0000	-61.1670	24.0975	
65.0000	-61.6846	20.1108	
70.0000	-61.9595	13.2434	
75.0000	-62.5176	14.2000	
80.0000	-61.5987	0.6248	
85.0000	-63.4705	-2.6682	
90.0000	-62.0279	-0.5193	
95.0000	-62.4963	-11.9717	
100.0000	-63.2710	-21.0366	
105.0000	-62.1939	-16.6869	
110.0000	-62.5018	-27.1653	
115.0000	-62.9573	-33.2276	
120.0000	-62.7868	-38.8771	
125.0000	-62.6270	-38.6825	
130.0000	-62.9767	-53.5849	
135.0000	-62.9651	-56.6779	
140.0000	-62.2908	-56.5288	
145.0000	-64.0669	-62.6869	
150.0000	-62.9806	-68.2281	
155.0000	-63.0091	-73.8677	
160.0000	-62.0614	-69.7521	
165.0000	-64.3925	-60.8239	
170.0000	-69.1358	-93.1954	
175.0000	-64.2370	-124.4813	
180.0000	-63.0411	-118.4025	
			
			
			
[Side Lobes Table]
			
No.	Rel Ampl	Azimuth  [deg]	Absolute Ampl
1L	-0.34	35.00	-61.27
2L	-0.04	25.00	-60.96
3L	-5.07	-15.00	-65.99
1R	-0.24	60.00	-61.17
2R	-0.68	80.00	-61.60
3R	-1.10	90.00	-62.03
		 	
File Name:	uwb_dipole.rff		
			
Polarizat.	0.000	Phase	
Frequency	3.400 G	 [GHz]	
Roll  	135.000	[deg]	
Ch.	Channel1		
Beam			
Switch			
Dir	0.00	dBi	
Azimuth  [deg]	Amplitude (dB)	Phase [Deg]	
-180.0000	-62.1263	-121.0020	
-175.0000	-63.5582	-119.4817	
-170.0000	-66.8815	-129.2089	
-165.0000	-70.2834	-107.3870	
-160.0000	-65.8035	-70.0339	
-155.0000	-64.5680	-79.7888	
-150.0000	-68.7077	-95.5127	
-145.0000	-70.8220	-95.7186	
-140.0000	-69.0115	-100.8220	
-135.0000	-67.3646	-106.7148	
-130.0000	-67.2195	-102.8809	
-125.0000	-66.1098	-105.1898	
-120.0000	-66.3725	-104.4141	
-115.0000	-66.5921	-110.2858	
-110.0000	-67.6661	-105.2575	
-105.0000	-67.7006	-116.8311	
-100.0000	-67.1578	-95.8223	
-95.0000	-69.1575	-105.9194	
-90.0000	-71.6911	-110.8448	
-85.0000	-67.5433	-61.8594	
-80.0000	-69.3993	-87.0453	
-75.0000	-68.0943	-73.3899	
-70.0000	-68.3237	-66.5466	
-65.0000	-71.9582	-58.8459	
-60.0000	-67.9632	-47.7911	
-55.0000	-71.6339	-37.1760	
-50.0000	-70.3328	-25.6553	
-45.0000	-69.6119	-9.6965	
-40.0000	-68.8752	-12.0668	
-35.0000	-69.4099	10.1628	
-30.0000	-66.6212	18.9044	
-25.0000	-66.0137	19.0736	
-20.0000	-65.2747	27.8583	
-15.0000	-64.5854	25.0794	
-10.0000	-65.8028	26.1007	
-5.0000	-66.0624	42.3881	
0.0000	-64.5180	48.5369	
5.0000	-63.6264	44.8495	
10.0000	-63.4221	39.9010	
15.0000	-62.7244	35.4737	
20.0000	-61.2170	33.8578	
25.0000	-60.2043	36.7511	
30.0000	-60.4393	38.7806	
35.0000	-60.6732	33.0184	
40.0000	-60.3134	32.4000	
45.0000	-60.8695	25.2847	
50.0000	-59.6528	25.5840	
55.0000	-60.9064	23.9787	
60.0000	-60.2423	21.8435	
65.0000	-61.1625	17.2307	
70.0000	-61.1928	12.3746	
75.0000	-60.8912	10.4969	
80.0000	-61.8859	-3.5501	
85.0000	-61.6095	1.4398	
90.0000	-60.7590	-9.4108	
95.0000	-62.6110	-12.3907	
100.0000	-62.3196	-14.3310	
105.0000	-60.7782	-24.4082	
110.0000	-62.2255	-30.2693	
115.0000	-62.2682	-30.9217	
120.0000	-61.6765	-39.4312	
125.0000	-61.7335	-43.7235	
130.0000	-62.5993	-53.0328	
135.0000	-61.6240	-53.5488	
140.0000	-61.9958	-62.4097	
145.0000	-62.3637	-59.1637	
150.0000	-62.5906	-67.1253	
155.0000	-62.5727	-73.7253	
160.0000	-61.3088	-76.2264	
165.0000	-62.2675	-63.5122	
170.0000	-67.6385	-75.9112	
175.0000	-65.1386	-123.1066	
180.0000	-62.1124	-120.8118	
			
			
			
[Side Lobes Table]
			
No.	Rel Ampl	Azimuth  [deg]	Absolute Ampl
1L	-0.66	40.00	-60.31
2L	-0.55	25.00	-60.20
3L	-4.93	-15.00	-64.59
1R	-0.59	60.00	-60.24
2R	-1.24	75.00	-60.89
3R	-1.11	90.00	-60.76
		 	
File Name:	uwb_dipole.rff		
			
Polarizat.	0.000	Phase	
Frequency	3.400 G	 [GHz]	
Roll  	140.000	[deg]	
Ch.	Channel1		
Beam			
Switch			
Dir	0.00	dBi	
Azimuth  [deg]	Amplitude (dB)	Phase [Deg]	
-180.0000	-61.6193	-119.7477	
-175.0000	-64.1147	-124.3380	
-170.0000	-67.4054	-128.5684	
-165.0000	-67.9446	-82.4629	
-160.0000	-63.3053	-69.4755	
-155.0000	-64.3596	-80.0313	
-150.0000	-68.3204	-79.6401	
-145.0000	-67.7655	-80.0667	
-140.0000	-65.8604	-91.3741	
-135.0000	-65.6715	-99.3652	
-130.0000	-64.6298	-99.6403	
-125.0000	-65.8326	-106.1303	
-120.0000	-66.3683	-103.0812	
-115.0000	-67.3044	-100.8455	
-110.0000	-66.0254	-98.1025	
-105.0000	-69.0133	-104.3451	
-100.0000	-67.4472	-106.6338	
-95.0000	-70.3252	-82.5779	
-90.0000	-72.9232	-63.6274	
-85.0000	-67.7094	-77.0564	
-80.0000	-68.5688	-50.9043	
-75.0000	-68.7415	-68.9463	
-70.0000	-68.9087	-56.6270	
-65.0000	-69.4059	-32.5441	
-60.0000	-70.0001	-36.8936	
-55.0000	-68.9267	-19.8059	
-50.0000	-70.2959	-7.0926	
-45.0000	-67.0692	-2.3537	
-40.0000	-69.1560	1.2701	
-35.0000	-66.6569	22.4717	
-30.0000	-65.1476	19.3542	
-25.0000	-64.9653	27.4441	
-20.0000	-63.7606	29.1819	
-15.0000	-64.1673	24.8129	
-10.0000	-65.3299	32.6831	
-5.0000	-64.5437	45.5486	
0.0000	-63.2889	47.3816	
5.0000	-62.9114	42.7972	
10.0000	-62.7278	36.4973	
15.0000	-61.5986	32.4911	
20.0000	-60.1151	32.1120	
25.0000	-59.6035	37.7870	
30.0000	-60.0729	36.4837	
35.0000	-59.7942	31.6743	
40.0000	-60.0640	32.0446	
45.0000	-59.8258	21.9677	
50.0000	-59.6400	26.6514	
55.0000	-60.3227	17.4748	
60.0000	-60.0019	18.2231	
65.0000	-60.2941	13.5503	
70.0000	-60.5098	8.2448	
75.0000	-60.9843	6.9438	
80.0000	-60.0258	-6.1012	
85.0000	-61.4066	-7.2837	
90.0000	-60.6662	-5.5919	
95.0000	-60.7528	-19.1294	
100.0000	-61.7586	-26.8022	
105.0000	-60.8569	-21.9838	
110.0000	-60.9131	-33.3123	
115.0000	-61.4724	-39.8763	
120.0000	-61.2738	-43.2214	
125.0000	-61.5309	-46.8640	
130.0000	-60.8067	-58.2213	
135.0000	-62.0395	-56.7147	
140.0000	-61.0329	-65.8124	
145.0000	-61.7880	-64.5713	
150.0000	-62.0418	-70.5681	
155.0000	-61.4166	-78.0320	
160.0000	-60.7022	-70.0878	
165.0000	-63.7733	-62.3728	
170.0000	-67.4864	-103.2378	
175.0000	-62.4598	-123.9260	
180.0000	-61.6888	-119.4036	
			
			
			
[Side Lobes Table]
			
No.	Rel Ampl	Azimuth  [deg]	Absolute Ampl
1L	-4.16	-20.00	-63.76
2L	-7.47	-45.00	-67.07
3L	-9.32	-55.00	-68.93
1R	-0.19	35.00	-59.79
2R	-0.04	50.00	-59.64
3R	-0.40	60.00	-60.00
		 	
File Name:	uwb_dipole.rff		
			
Polarizat.	0.000	Phase	
Frequency	3.400 G	 [GHz]	
Roll  	145.000	[deg]	
Ch.	Channel1		
Beam			
Switch			
Dir	0.00	dBi	
Azimuth  [deg]	Amplitude (dB)	Phase [Deg]	
-180.0000	-60.9836	-120.5839	
-175.0000	-62.2936	-121.6118	
-170.0000	-65.0814	-129.3199	
-165.0000	-68.4709	-102.9418	
-160.0000	-63.6408	-68.2109	
-155.0000	-62.0375	-74.4779	
-150.0000	-64.6594	-76.3029	
-145.0000	-65.0824	-72.3945	
-140.0000	-64.3284	-85.2299	
-135.0000	-64.0190	-98.6073	
-130.0000	-64.7571	-100.2763	
-125.0000	-65.7927	-106.5281	
-120.0000	-66.5906	-90.1386	
-115.0000	-65.6849	-92.2118	
-110.0000	-66.3241	-94.9007	
-105.0000	-68.1213	-110.4991	
-100.0000	-68.1410	-82.2594	
-95.0000	-72.7158	-75.9898	
-90.0000	-71.1507	-70.1826	
-85.0000	-66.7954	-44.8721	
-80.0000	-69.5213	-48.9799	
-75.0000	-67.5754	-62.6096	
-70.0000	-68.6029	-36.5446	
-65.0000	-70.1877	-36.7852	
-60.0000	-68.3568	-23.5127	
-55.0000	-68.2529	-9.5935	
-50.0000	-69.2312	-5.5085	
-45.0000	-65.9315	6.5552	
-40.0000	-67.4153	-3.2816	
-35.0000	-66.6508	24.2928	
-30.0000	-64.2290	21.7222	
-25.0000	-64.3837	25.5392	
-20.0000	-63.1872	31.6678	
-15.0000	-62.9313	26.9012	
-10.0000	-64.0667	29.8177	
-5.0000	-64.1394	42.6245	
0.0000	-63.1304	47.1308	
5.0000	-62.5417	44.8917	
10.0000	-62.3238	38.5603	
15.0000	-61.6087	32.8194	
20.0000	-60.0573	30.4958	
25.0000	-59.0973	34.2002	
30.0000	-59.4026	36.2546	
35.0000	-59.5727	31.8038	
40.0000	-59.2832	30.8670	
45.0000	-60.0362	24.8300	
50.0000	-58.8679	22.8151	
55.0000	-60.1053	19.2189	
60.0000	-59.1270	15.7328	
65.0000	-59.9102	12.9830	
70.0000	-60.2216	7.6307	
75.0000	-59.9540	1.9761	
80.0000	-60.0863	-10.5804	
85.0000	-59.9625	-3.8791	
90.0000	-59.8079	-14.3999	
95.0000	-61.2496	-21.6824	
100.0000	-60.9715	-20.1880	
105.0000	-59.3315	-28.9138	
110.0000	-61.1390	-35.5375	
115.0000	-60.9858	-38.4768	
120.0000	-60.2664	-44.3740	
125.0000	-60.7811	-50.8579	
130.0000	-60.7946	-57.1711	
135.0000	-60.7424	-54.4176	
140.0000	-61.2007	-69.4792	
145.0000	-60.6958	-64.0242	
150.0000	-61.5110	-68.6902	
155.0000	-61.2797	-78.0219	
160.0000	-60.0855	-75.8346	
165.0000	-61.7507	-63.1839	
170.0000	-66.9879	-86.3421	
175.0000	-63.2724	-123.2136	
180.0000	-60.9827	-120.2982	
			
			
			
[Side Lobes Table]
			
No.	Rel Ampl	Azimuth  [deg]	Absolute Ampl
1L	-0.42	40.00	-59.28
2L	-0.23	25.00	-59.10
3L	-4.06	-15.00	-62.93
1R	-0.26	60.00	-59.13
2R	-1.09	75.00	-59.95
3R	-0.94	90.00	-59.81
		 	
File Name:	uwb_dipole.rff		
			
Polarizat.	0.000	Phase	
Frequency	3.400 G	 [GHz]	
Roll  	150.000	[deg]	
Ch.	Channel1		
Beam			
Switch			
Dir	0.00	dBi	
Azimuth  [deg]	Amplitude (dB)	Phase [Deg]	
-180.0000	-60.6863	-120.4903	
-175.0000	-62.8560	-126.1769	
-170.0000	-66.1407	-126.7998	
-165.0000	-66.0158	-79.2918	
-160.0000	-61.1801	-70.0898	
-155.0000	-61.2191	-76.4735	
-150.0000	-62.9823	-74.2804	
-145.0000	-63.1052	-79.7348	
-140.0000	-63.3235	-91.4246	
-135.0000	-65.5349	-101.7752	
-130.0000	-65.4681	-93.2201	
-125.0000	-66.6532	-82.7215	
-120.0000	-64.4667	-84.6177	
-115.0000	-66.4481	-101.0468	
-110.0000	-68.4672	-88.0990	
-105.0000	-71.2497	-65.6166	
-100.0000	-69.4097	-87.2104	
-95.0000	-69.1396	-34.1263	
-90.0000	-68.7975	-31.0975	
-85.0000	-66.8372	-53.0402	
-80.0000	-66.5406	-32.6247	
-75.0000	-70.0794	-41.5983	
-70.0000	-67.2936	-32.0173	
-65.0000	-68.6525	-3.9389	
-60.0000	-67.1177	-9.1673	
-55.0000	-67.1446	-5.3906	
-50.0000	-66.7358	17.1346	
-45.0000	-64.6285	1.0610	
-40.0000	-67.4905	18.6877	
-35.0000	-63.9634	31.1408	
-30.0000	-63.5757	24.7727	
-25.0000	-63.1428	33.8416	
-20.0000	-62.0657	32.1162	
-15.0000	-62.7257	28.5488	
-10.0000	-63.6082	35.9631	
-5.0000	-63.0969	45.3821	
0.0000	-62.3087	47.2534	
5.0000	-61.9889	43.1011	
10.0000	-61.7167	35.1702	
15.0000	-60.6704	29.8288	
20.0000	-59.1647	30.9297	
25.0000	-58.7516	35.4167	
30.0000	-59.3118	35.2012	
35.0000	-59.0730	30.3333	
40.0000	-59.4491	30.7422	
45.0000	-59.1966	18.7710	
50.0000	-58.9175	22.0616	
55.0000	-59.3456	11.9511	
60.0000	-59.1528	16.2740	
65.0000	-59.8372	7.5037	
70.0000	-59.7422	-0.9270	
75.0000	-59.4819	-0.9123	
80.0000	-58.8826	-8.5083	
85.0000	-60.6709	-12.2088	
90.0000	-60.0092	-13.1746	
95.0000	-59.6758	-26.8150	
100.0000	-60.2695	-33.4389	
105.0000	-59.8922	-24.7981	
110.0000	-60.0849	-43.4917	
115.0000	-60.1220	-45.4736	
120.0000	-60.4487	-46.6128	
125.0000	-60.2630	-52.6262	
130.0000	-60.0537	-60.0672	
135.0000	-61.3181	-62.7381	
140.0000	-59.9893	-70.5281	
145.0000	-60.6257	-67.2686	
150.0000	-61.2890	-73.9984	
155.0000	-60.2259	-80.4134	
160.0000	-59.9423	-69.8941	
165.0000	-64.2177	-66.2420	
170.0000	-65.7014	-112.6583	
175.0000	-61.2785	-124.0048	
180.0000	-60.7334	-120.6443	
			
			
			
[Side Lobes Table]
			
No.	Rel Ampl	Azimuth  [deg]	Absolute Ampl
1L	-3.31	-20.00	-62.07
2L	-5.88	-45.00	-64.63
3L	-8.37	-60.00	-67.12
1R	-0.32	35.00	-59.07
2R	-0.17	50.00	-58.92
3R	-0.40	60.00	-59.15
		 	
File Name:	uwb_dipole.rff		
			
Polarizat.	0.000	Phase	
Frequency	3.400 G	 [GHz]	
Roll  	155.000	[deg]	
Ch.	Channel1		
Beam			
Switch			
Dir	0.00	dBi	
Azimuth  [deg]	Amplitude (dB)	Phase [Deg]	
-180.0000	-60.1274	-121.3584	
-175.0000	-61.3840	-123.2537	
-170.0000	-64.1860	-128.3639	
-165.0000	-67.1224	-98.1138	
-160.0000	-61.8540	-70.1557	
-155.0000	-59.7282	-76.4937	
-150.0000	-61.1866	-79.4280	
-145.0000	-61.9228	-79.2753	
-140.0000	-63.1504	-83.4320	
-135.0000	-65.2700	-91.4195	
-130.0000	-65.4010	-73.3157	
-125.0000	-65.0291	-82.0382	
-120.0000	-64.2862	-78.8421	
-115.0000	-66.8200	-90.0615	
-110.0000	-69.0679	-59.3208	
-105.0000	-69.0019	-68.7768	
-100.0000	-68.2272	-47.7887	
-95.0000	-67.9106	-12.3830	
-90.0000	-66.1100	-41.2618	
-85.0000	-65.2018	-31.0947	
-80.0000	-66.7158	-23.4014	
-75.0000	-67.4762	-42.1606	
-70.0000	-65.8653	-9.4113	
-65.0000	-68.7421	-7.7860	
-60.0000	-65.1910	-0.8371	
-55.0000	-65.7564	1.6142	
-50.0000	-66.2050	15.6190	
-45.0000	-63.3762	12.3319	
-40.0000	-66.2397	10.9275	
-35.0000	-63.8555	34.1239	
-30.0000	-62.5028	27.2912	
-25.0000	-62.7577	31.2921	
-20.0000	-61.6204	35.0473	
-15.0000	-61.6793	29.5418	
-10.0000	-62.6874	33.6830	
-5.0000	-62.7664	42.9621	
0.0000	-62.1462	46.7979	
5.0000	-61.7387	45.0196	
10.0000	-61.5492	38.1078	
15.0000	-60.8067	31.0270	
20.0000	-59.2500	28.5286	
25.0000	-58.4650	32.3383	
30.0000	-58.8365	34.3068	
35.0000	-59.1318	29.8081	
40.0000	-58.8460	28.1980	
45.0000	-59.5207	20.4913	
50.0000	-58.1771	19.6326	
55.0000	-59.3856	17.5131	
60.0000	-58.8528	11.1740	
65.0000	-59.7344	6.6593	
70.0000	-59.3254	-2.1346	
75.0000	-58.6778	-2.0493	
80.0000	-59.4458	-11.8229	
85.0000	-59.5809	-8.9996	
90.0000	-59.3102	-19.7444	
95.0000	-60.3247	-30.1360	
100.0000	-59.6940	-25.7130	
105.0000	-58.8355	-29.3231	
110.0000	-60.6959	-47.3680	
115.0000	-59.7009	-42.3617	
120.0000	-59.8116	-49.4074	
125.0000	-59.8342	-55.9989	
130.0000	-60.3975	-60.5652	
135.0000	-60.1646	-61.0209	
140.0000	-60.4252	-73.8151	
145.0000	-59.7527	-68.1673	
150.0000	-60.9533	-71.5389	
155.0000	-60.5690	-82.0368	
160.0000	-59.3710	-75.0039	
165.0000	-61.9477	-63.4885	
170.0000	-66.4336	-99.0213	
175.0000	-61.8826	-124.8780	
180.0000	-60.1197	-121.1381	
			
			
			
[Side Lobes Table]
			
No.	Rel Ampl	Azimuth  [deg]	Absolute Ampl
1L	-0.67	40.00	-58.85
2L	-0.29	25.00	-58.47
3L	-3.44	-20.00	-61.62
1R	-0.68	60.00	-58.85
2R	-0.50	75.00	-58.68
3R	-1.13	90.00	-59.31
		 	
File Name:	uwb_dipole.rff		
			
Polarizat.	0.000	Phase	
Frequency	3.400 G	 [GHz]	
Roll  	160.000	[deg]	
Ch.	Channel1		
Beam			
Switch			
Dir	0.00	dBi	
Azimuth  [deg]	Amplitude (dB)	Phase [Deg]	
-180.0000	-60.0200	-121.2604	
-175.0000	-62.0270	-126.6986	
-170.0000	-65.4030	-123.9778	
-165.0000	-64.8187	-79.9643	
-160.0000	-59.9380	-73.8625	
-155.0000	-59.4250	-81.3446	
-150.0000	-60.8450	-79.8733	
-145.0000	-61.9309	-78.4076	
-140.0000	-62.9093	-76.5569	
-135.0000	-64.6946	-71.3927	
-130.0000	-63.0717	-71.5652	
-125.0000	-65.2267	-69.7521	
-120.0000	-65.4325	-72.1187	
-115.0000	-67.9079	-55.0581	
-110.0000	-65.7414	-50.2750	
-105.0000	-69.0114	-22.9048	
-100.0000	-65.6483	-29.9373	
-95.0000	-63.3740	-28.4136	
-90.0000	-66.7947	-18.1409	
-85.0000	-64.1249	-29.8399	
-80.0000	-65.5318	-19.8272	
-75.0000	-67.4532	3.0561	
-70.0000	-65.0593	-14.5142	
-65.0000	-64.9709	17.8804	
-60.0000	-63.9291	5.6360	
-55.0000	-64.9665	10.9953	
-50.0000	-63.5486	24.3739	
-45.0000	-63.2645	10.6703	
-40.0000	-64.7328	32.6205	
-35.0000	-61.7637	34.6169	
-30.0000	-61.9356	31.1893	
-25.0000	-61.5199	37.3293	
-20.0000	-60.7771	34.4084	
-15.0000	-61.5591	31.3927	
-10.0000	-62.2433	37.3979	
-5.0000	-62.1048	45.1663	
0.0000	-61.6262	46.4143	
5.0000	-61.4426	42.1474	
10.0000	-61.1805	34.3899	
15.0000	-59.9853	27.8388	
20.0000	-58.6457	27.2405	
25.0000	-58.3621	33.7552	
30.0000	-58.9158	32.0304	
35.0000	-58.6575	27.1316	
40.0000	-59.0816	27.7019	
45.0000	-58.8964	16.3689	
50.0000	-58.6822	19.5999	
55.0000	-59.4962	9.9473	
60.0000	-59.0672	6.8257	
65.0000	-59.0977	-0.8197	
70.0000	-58.8638	-3.4928	
75.0000	-59.1200	-3.3287	
80.0000	-58.6615	-12.1010	
85.0000	-60.6153	-15.6679	
90.0000	-59.6713	-22.6912	
95.0000	-58.5384	-28.7839	
100.0000	-60.4773	-35.5269	
105.0000	-60.0072	-34.4076	
110.0000	-58.7780	-47.2422	
115.0000	-60.1456	-48.1738	
120.0000	-59.8576	-53.9236	
125.0000	-60.1980	-55.9641	
130.0000	-59.7772	-68.3431	
135.0000	-60.5928	-66.8811	
140.0000	-59.4060	-74.3565	
145.0000	-60.3284	-68.2255	
150.0000	-61.1342	-79.0876	
155.0000	-59.5029	-82.2310	
160.0000	-59.9691	-68.3274	
165.0000	-64.8266	-71.0340	
170.0000	-64.4294	-119.0393	
175.0000	-60.3217	-124.0493	
180.0000	-60.0566	-121.5836	
			
			
			
[Side Lobes Table]
			
No.	Rel Ampl	Azimuth  [deg]	Absolute Ampl
1L	-2.42	-20.00	-60.78
2L	-3.40	-35.00	-61.76
3L	-4.90	-45.00	-63.26
1R	-0.30	35.00	-58.66
2R	-0.32	50.00	-58.68
3R	-0.71	60.00	-59.07
		 	
File Name:	uwb_dipole.rff		
			
Polarizat.	0.000	Phase	
Frequency	3.400 G	 [GHz]	
Roll  	165.000	[deg]	
Ch.	Channel1		
Beam			
Switch			
Dir	0.00	dBi	
Azimuth  [deg]	Amplitude (dB)	Phase [Deg]	
-180.0000	-59.6362	-122.5163	
-175.0000	-60.7829	-124.1349	
-170.0000	-63.5449	-127.5523	
-165.0000	-66.5480	-96.6232	
-160.0000	-61.3365	-72.6254	
-155.0000	-58.9767	-80.4137	
-150.0000	-59.8962	-83.5606	
-145.0000	-60.5703	-78.8297	
-140.0000	-61.4533	-72.4147	
-135.0000	-62.6622	-73.9389	
-130.0000	-62.6139	-60.9751	
-125.0000	-64.0801	-66.8109	
-120.0000	-63.5705	-58.2069	
-115.0000	-65.8455	-50.1572	
-110.0000	-64.5014	-34.0534	
-105.0000	-66.1311	-33.4547	
-100.0000	-62.3300	-21.6617	
-95.0000	-64.1145	-19.6317	
-90.0000	-64.5252	-24.9374	
-85.0000	-62.5361	-17.6464	
-80.0000	-65.7065	-3.5955	
-75.0000	-64.7804	-6.5579	
-70.0000	-63.2126	0.4316	
-65.0000	-64.9954	18.1652	
-60.0000	-61.9406	9.5305	
-55.0000	-64.0846	13.2663	
-50.0000	-63.0941	25.3520	
-45.0000	-61.8333	18.8271	
-40.0000	-63.9442	25.4810	
-35.0000	-61.6446	37.1994	
-30.0000	-61.0916	31.4197	
-25.0000	-61.3155	35.7559	
-20.0000	-60.3747	37.3909	
-15.0000	-60.5954	31.8424	
-10.0000	-61.5526	35.4749	
-5.0000	-61.7562	42.7833	
0.0000	-61.4219	46.0368	
5.0000	-61.2732	44.1062	
10.0000	-61.1830	37.5531	
15.0000	-60.3607	28.4223	
20.0000	-58.9794	25.2265	
25.0000	-58.1472	30.1502	
30.0000	-58.5666	31.7600	
35.0000	-58.8512	27.3925	
40.0000	-58.7234	27.4326	
45.0000	-59.7627	18.9599	
50.0000	-58.6129	15.8650	
55.0000	-59.6461	11.2823	
60.0000	-58.7164	4.3868	
65.0000	-59.2981	1.7498	
70.0000	-59.0930	-5.1505	
75.0000	-58.5740	-6.7922	
80.0000	-59.6478	-14.5166	
85.0000	-60.1210	-15.1371	
90.0000	-58.9509	-29.9311	
95.0000	-59.4180	-31.1670	
100.0000	-60.5471	-27.4994	
105.0000	-58.5918	-38.3819	
110.0000	-60.0906	-51.6721	
115.0000	-59.8260	-46.7041	
120.0000	-59.5551	-54.7444	
125.0000	-60.1998	-60.8237	
130.0000	-60.2011	-69.4649	
135.0000	-59.4765	-65.6702	
140.0000	-60.0836	-74.4232	
145.0000	-59.9192	-69.0593	
150.0000	-61.3856	-78.2051	
155.0000	-59.7914	-87.0058	
160.0000	-59.2373	-74.4780	
165.0000	-62.7889	-67.1386	
170.0000	-65.4764	-110.1111	
175.0000	-60.9890	-125.8754	
180.0000	-59.6324	-121.9642	
			
			
			
[Side Lobes Table]
			
No.	Rel Ampl	Azimuth  [deg]	Absolute Ampl
1L	-2.23	-20.00	-60.37
2L	-2.94	-30.00	-61.09
3L	-3.69	-45.00	-61.83
1R	-0.58	40.00	-58.72
2R	-0.47	50.00	-58.61
3R	-0.57	60.00	-58.72
		 	
File Name:	uwb_dipole.rff		
			
Polarizat.	0.000	Phase	
Frequency	3.400 G	 [GHz]	
Roll  	170.000	[deg]	
Ch.	Channel1		
Beam			
Switch			
Dir	0.00	dBi	
Azimuth  [deg]	Amplitude (dB)	Phase [Deg]	
-180.0000	-59.6429	-122.7021	
-175.0000	-61.5166	-127.1129	
-170.0000	-65.1981	-122.1615	
-165.0000	-64.6873	-78.8797	
-160.0000	-59.8370	-75.3432	
-155.0000	-58.9707	-83.6814	
-150.0000	-59.6777	-82.2983	
-145.0000	-60.3562	-79.0020	
-140.0000	-61.0625	-75.0622	
-135.0000	-62.8501	-64.4796	
-130.0000	-61.1244	-61.1332	
-125.0000	-63.1326	-56.0143	
-120.0000	-63.7890	-52.3945	
-115.0000	-63.4603	-31.2461	
-110.0000	-62.2707	-36.5516	
-105.0000	-63.5142	-13.0565	
-100.0000	-62.1006	-28.2868	
-95.0000	-61.9781	-17.7471	
-90.0000	-63.6366	-8.1487	
-85.0000	-63.7326	-16.8627	
-80.0000	-62.0939	3.4300	
-75.0000	-64.0587	9.8027	
-70.0000	-62.6149	7.2711	
-65.0000	-61.3479	19.6169	
-60.0000	-62.9420	11.4709	
-55.0000	-62.1233	25.5566	
-50.0000	-61.4624	27.4056	
-45.0000	-61.8360	21.0878	
-40.0000	-62.2324	39.0120	
-35.0000	-60.3491	37.6593	
-30.0000	-60.7744	34.3693	
-25.0000	-60.3481	40.5508	
-20.0000	-59.8472	36.5659	
-15.0000	-60.6558	33.9596	
-10.0000	-61.2860	38.7558	
-5.0000	-61.3768	44.6058	
0.0000	-61.2007	45.6073	
5.0000	-61.1378	41.7321	
10.0000	-60.8891	31.9387	
15.0000	-59.8030	25.0358	
20.0000	-58.3395	26.9612	
25.0000	-58.1509	31.4438	
30.0000	-58.8885	31.2262	
35.0000	-58.9663	27.2214	
40.0000	-59.8661	26.4172	
45.0000	-59.5644	10.0605	
50.0000	-58.9377	13.2966	
55.0000	-59.3672	4.6791	
60.0000	-59.2541	3.1616	
65.0000	-59.2920	-4.4282	
70.0000	-58.9535	-6.7458	
75.0000	-59.9272	-4.2280	
80.0000	-59.6451	-21.2735	
85.0000	-60.2296	-26.6475	
90.0000	-59.3588	-23.7728	
95.0000	-59.4382	-32.3270	
100.0000	-60.2820	-46.6567	
105.0000	-60.2963	-36.0581	
110.0000	-58.9337	-53.7580	
115.0000	-60.3846	-52.9424	
120.0000	-60.6253	-58.8101	
125.0000	-60.1597	-66.1647	
130.0000	-59.2862	-71.5372	
135.0000	-60.3519	-67.0559	
140.0000	-60.1529	-74.8846	
145.0000	-61.0149	-76.1103	
150.0000	-60.6582	-88.2118	
155.0000	-59.0302	-83.3615	
160.0000	-60.3635	-70.2959	
165.0000	-65.0766	-81.8011	
170.0000	-62.9926	-122.7026	
175.0000	-59.9142	-124.5152	
180.0000	-59.6787	-122.9264	
			
			
			
[Side Lobes Table]
			
No.	Rel Ampl	Azimuth  [deg]	Absolute Ampl
1L	-1.70	-20.00	-59.85
2L	-2.20	-35.00	-60.35
3L	-3.31	-50.00	-61.46
1R	-0.79	50.00	-58.94
2R	-1.10	60.00	-59.25
3R	-0.80	70.00	-58.95
		 	
File Name:	uwb_dipole.rff		
			
Polarizat.	0.000	Phase	
Frequency	3.400 G	 [GHz]	
Roll  	175.000	[deg]	
Ch.	Channel1		
Beam			
Switch			
Dir	0.00	dBi	
Azimuth  [deg]	Amplitude (dB)	Phase [Deg]	
-180.0000	-59.3781	-123.4716	
-175.0000	-60.4070	-125.0056	
-170.0000	-63.3618	-126.3040	
-165.0000	-66.7125	-92.2628	
-160.0000	-61.5442	-70.6290	
-155.0000	-58.9270	-82.4980	
-150.0000	-59.3249	-86.7724	
-145.0000	-59.9219	-84.3020	
-140.0000	-61.3120	-76.1448	
-135.0000	-61.6651	-66.9152	
-130.0000	-60.4513	-56.8794	
-125.0000	-62.5140	-65.4923	
-120.0000	-62.5266	-44.6835	
-115.0000	-62.0307	-35.2764	
-110.0000	-61.6410	-33.1623	
-105.0000	-63.2213	-20.7840	
-100.0000	-59.9327	-25.0973	
-95.0000	-62.9947	-11.7476	
-90.0000	-62.0355	-11.4992	
-85.0000	-61.1674	-9.3683	
-80.0000	-62.3918	11.0442	
-75.0000	-62.4242	2.7792	
-70.0000	-60.5278	13.5055	
-65.0000	-61.8114	17.3529	
-60.0000	-61.4382	11.6983	
-55.0000	-61.3648	28.5926	
-50.0000	-60.9069	25.9948	
-45.0000	-60.7353	26.3767	
-40.0000	-61.8105	32.5715	
-35.0000	-60.1680	39.5360	
-30.0000	-59.9941	33.6584	
-25.0000	-60.2249	38.1805	
-20.0000	-59.5323	38.5837	
-15.0000	-59.8349	34.4641	
-10.0000	-60.7510	37.0284	
-5.0000	-61.1105	42.3791	
0.0000	-61.1344	44.8666	
5.0000	-61.0502	42.1204	
10.0000	-61.0697	35.0258	
15.0000	-60.3625	26.4275	
20.0000	-58.7904	23.7833	
25.0000	-58.1862	28.7200	
30.0000	-58.9115	32.1824	
35.0000	-59.7689	26.5094	
40.0000	-59.9619	22.7105	
45.0000	-60.6067	9.6913	
50.0000	-58.6277	9.1703	
55.0000	-59.9005	9.8144	
60.0000	-59.7256	1.7349	
65.0000	-59.7158	-5.3861	
70.0000	-59.4565	-5.5486	
75.0000	-60.4467	-8.8363	
80.0000	-60.4788	-29.6313	
85.0000	-59.4853	-21.2012	
90.0000	-59.6159	-30.2468	
95.0000	-60.5107	-36.3996	
100.0000	-61.6843	-37.9236	
105.0000	-58.9295	-44.2430	
110.0000	-60.4140	-57.6419	
115.0000	-61.0608	-47.9933	
120.0000	-60.5531	-65.0816	
125.0000	-59.9631	-69.5859	
130.0000	-60.1146	-70.5817	
135.0000	-60.1083	-65.8577	
140.0000	-61.6112	-79.7401	
145.0000	-60.5966	-81.2038	
150.0000	-60.8262	-87.6589	
155.0000	-59.3645	-87.9882	
160.0000	-59.6432	-77.0932	
165.0000	-63.2216	-75.9719	
170.0000	-64.0882	-115.9008	
175.0000	-60.5068	-125.8104	
180.0000	-59.3895	-123.1828	
			
			
			
[Side Lobes Table]
			
No.	Rel Ampl	Azimuth  [deg]	Absolute Ampl
1L	-2.86	5.00	-61.05
2L	-1.35	-20.00	-59.53
3L	-1.81	-30.00	-59.99
1R	-0.44	50.00	-58.63
2R	-1.27	70.00	-59.46
3R	-1.30	85.00	-59.49
		 	
File Name:	uwb_dipole.rff		
			
Polarizat.	0.000	Phase	
Frequency	3.400 G	 [GHz]	
Roll  	180.000	[deg]	
Ch.	Channel1		
Beam			
Switch			
Dir	0.00	dBi	
Azimuth  [deg]	Amplitude (dB)	Phase [Deg]	
-180.0000	-59.5893	-123.9389	
-175.0000	-61.3509	-126.6046	
-170.0000	-65.3210	-118.5514	
-165.0000	-64.8038	-72.7250	
-160.0000	-60.0436	-72.4302	
-155.0000	-59.1705	-85.7157	
-150.0000	-59.9939	-86.2250	
-145.0000	-61.3879	-80.9767	
-140.0000	-60.9692	-67.3601	
-135.0000	-61.2775	-62.3146	
-130.0000	-60.8597	-64.9587	
-125.0000	-63.2496	-39.9750	
-120.0000	-60.8665	-39.1548	
-115.0000	-61.5200	-34.7920	
-110.0000	-61.0477	-23.7687	
-105.0000	-60.4796	-12.2971	
-100.0000	-61.8264	-27.0687	
-95.0000	-59.8688	-3.7095	
-90.0000	-61.2973	-7.2710	
-85.0000	-62.2852	-0.0170	
-80.0000	-59.3663	9.6980	
-75.0000	-61.6166	14.7690	
-70.0000	-60.2722	11.1896	
-65.0000	-60.4625	23.2973	
-60.0000	-61.1518	22.7602	
-55.0000	-59.9437	26.2514	
-50.0000	-60.6761	29.9624	
-45.0000	-60.4792	29.0996	
-40.0000	-60.6891	40.6536	
-35.0000	-59.3529	38.1817	
-30.0000	-59.7432	37.0505	
-25.0000	-59.5376	41.5480	
-20.0000	-59.2452	38.0252	
-15.0000	-60.0239	35.8594	
-10.0000	-60.7413	38.8478	
-5.0000	-61.0076	43.4373	
0.0000	-61.0353	43.6692	
5.0000	-61.1922	39.4490	
10.0000	-60.9753	29.7537	
15.0000	-59.8675	22.5571	
20.0000	-58.5811	25.3161	
25.0000	-58.7665	30.9520	
30.0000	-60.1607	29.5595	
35.0000	-60.3759	19.2177	
40.0000	-60.6250	14.8320	
45.0000	-59.7469	3.6030	
50.0000	-59.6558	12.4689	
55.0000	-60.9632	-0.9948	
60.0000	-60.0066	-5.6288	
65.0000	-60.0870	-5.1413	
70.0000	-61.4905	-12.3038	
75.0000	-60.7771	-21.2794	
80.0000	-59.2795	-24.2932	
85.0000	-61.7608	-26.6087	
90.0000	-60.9349	-29.2122	
95.0000	-60.8263	-39.5621	
100.0000	-60.9237	-58.5608	
105.0000	-60.7520	-35.6529	
110.0000	-60.6168	-57.3830	
115.0000	-61.5550	-68.2321	
120.0000	-60.4618	-67.3698	
125.0000	-60.3257	-66.2607	
130.0000	-60.8372	-71.3489	
135.0000	-62.6725	-75.3361	
140.0000	-60.6557	-92.5209	
145.0000	-60.3046	-84.1853	
150.0000	-60.5390	-90.1198	
155.0000	-59.4168	-87.0643	
160.0000	-60.8565	-77.7929	
165.0000	-64.3644	-92.6598	
170.0000	-62.2245	-123.2224	
175.0000	-59.6965	-125.2617	
180.0000	-59.5349	-123.9255	
			
			
			
[Side Lobes Table]
			
No.	Rel Ampl	Azimuth  [deg]	Absolute Ampl
1L	-0.66	-20.00	-59.25
2L	-0.77	-35.00	-59.35
3L	-1.90	-45.00	-60.48
1R	-1.07	50.00	-59.66
2R	-1.43	60.00	-60.01
3R	-0.70	80.00	-59.28
		 	



[Statistics Table]
		Polarizat.	Freq.	Roll  	Ch.	Beam	Switch	Beam Peak [dB]		 	Beam Width [deg]		 	Null Depth [dB]		 				
File Name		[deg]	 [GHz]	[deg]				Value	[deg]		Value	At dB		Value	[deg]				 	 
uwb_dipole.rff		0.000	3.400 G	0.000	Channel1			-59.01	25.00	P	89.20	3.00	P				0.00			
uwb_dipole.rff		0.000	3.400 G	5.000	Channel1			-58.76	25.00	P	116.55	3.00	P				0.00			
uwb_dipole.rff		0.000	3.400 G	10.000	Channel1			-58.67	25.00	P	150.99	3.00	P				0.00			
uwb_dipole.rff		0.000	3.400 G	15.000	Channel1			-58.51	25.00	P	152.09	3.00	P				0.00			
uwb_dipole.rff		0.000	3.400 G	20.000	Channel1			-58.47	110.00	P	151.56	3.00	P				0.00			
uwb_dipole.rff		0.000	3.400 G	25.000	Channel1			-58.56	25.00	P	152.35	3.00	P				0.00			
uwb_dipole.rff		0.000	3.400 G	30.000	Channel1			-58.81	25.00	P	136.30	3.00	P				0.00			
uwb_dipole.rff		0.000	3.400 G	35.000	Channel1			-59.20	25.00	P	136.19	3.00	P				0.00			
uwb_dipole.rff		0.000	3.400 G	40.000	Channel1			-59.66	25.00	P	135.76	3.00	P				0.00			
uwb_dipole.rff		0.000	3.400 G	45.000	Channel1			-60.31	25.00	P	94.24	3.00	P				0.00			
uwb_dipole.rff		0.000	3.400 G	50.000	Channel1			-61.02	25.00	P	85.69	3.00	P				0.00			
uwb_dipole.rff		0.000	3.400 G	55.000	Channel1			-62.14	25.00	P	138.55	3.00	P				0.00			
uwb_dipole.rff		0.000	3.400 G	60.000	Channel1			-63.21	25.00	P	124.63	3.00	P				0.00			
uwb_dipole.rff		0.000	3.400 G	65.000	Channel1			-64.67	30.00	P	57.58	3.00	P				0.00			
uwb_dipole.rff		0.000	3.400 G	70.000	Channel1			-66.61	-160.00	P	14.55	3.00	P				0.00			
uwb_dipole.rff		0.000	3.400 G	75.000	Channel1			-68.02	-160.00	P	19.48	3.00	P				0.00			
uwb_dipole.rff		0.000	3.400 G	80.000	Channel1			-69.38	-160.00	P	15.55	3.00	P				0.00			
uwb_dipole.rff		0.000	3.400 G	85.000	Channel1			-71.12	-160.00	P	15.05	3.00	P				0.00			
uwb_dipole.rff		0.000	3.400 G	90.000	Channel1			-71.03	-105.00	P	15.16	3.00	P				0.00			
uwb_dipole.rff		0.000	3.400 G	95.000	Channel1			-70.72	-100.00	P	9.01	3.00	P				0.00			
uwb_dipole.rff		0.000	3.400 G	100.000	Channel1			-69.98	60.00	P	64.74	3.00	P				0.00			
uwb_dipole.rff		0.000	3.400 G	105.000	Channel1			-67.26	50.00	P	73.85	3.00	P				0.00			
uwb_dipole.rff		0.000	3.400 G	110.000	Channel1			-65.87	25.00	P	70.87	3.00	P				0.00			
uwb_dipole.rff		0.000	3.400 G	115.000	Channel1			-64.02	50.00	P	84.14	3.00	P				0.00			
uwb_dipole.rff		0.000	3.400 G	120.000	Channel1			-62.92	25.00	P	73.35	3.00	P				0.00			
uwb_dipole.rff		0.000	3.400 G	125.000	Channel1			-61.54	50.00	P	129.90	3.00	P				0.00			
uwb_dipole.rff		0.000	3.400 G	130.000	Channel1			-60.92	50.00	P	134.07	3.00	P				0.00			
uwb_dipole.rff		0.000	3.400 G	135.000	Channel1			-59.65	50.00	P	150.12	3.00	P				0.00			
uwb_dipole.rff		0.000	3.400 G	140.000	Channel1			-59.60	25.00	P	152.55	3.00	P				0.00			
uwb_dipole.rff		0.000	3.400 G	145.000	Channel1			-58.87	50.00	P	151.92	3.00	P				0.00			
uwb_dipole.rff		0.000	3.400 G	150.000	Channel1			-58.75	25.00	P	152.76	3.00	P				0.00			
uwb_dipole.rff		0.000	3.400 G	155.000	Channel1			-58.18	50.00	P	151.00	3.00	P				0.00			
uwb_dipole.rff		0.000	3.400 G	160.000	Channel1			-58.36	25.00	P	154.90	3.00	P				0.00			
uwb_dipole.rff		0.000	3.400 G	165.000	Channel1			-58.15	25.00	P	138.97	3.00	P				0.00			
uwb_dipole.rff		0.000	3.400 G	170.000	Channel1			-58.15	25.00	P	156.88	3.00	P				0.00			
uwb_dipole.rff		0.000	3.400 G	175.000	Channel1			-58.19	25.00	P	135.98	3.00	P				0.00			
uwb_dipole.rff		0.000	3.400 G	180.000	Channel1			-58.58	20.00	P	159.51	3.00	P				0.00			



[Database Table]
First Question	
2nd	
3rd	
4th	
