File Name:	E6_passive_original_patch_126GHz_250220143.rff		
			
Polarizat.	90.000	Phase	
Frequency	3.000 G	 [GHz]	
Roll  	0.000	[deg]	
Ch.	Channel1		
Beam			
Switch			
Dir	0.00	dBi	
Azimuth  [deg]	Amplitude (dB)	Phase [Deg]	
-180.0000	-73.3529	165.9771	
-175.0000	-76.8967	158.4732	
-170.0000	-90.1604	-144.5995	
-165.0000	-76.4509	-96.0862	
-160.0000	-73.5220	-129.4408	
-155.0000	-77.0301	-165.3434	
-150.0000	-94.5718	-87.5441	
-145.0000	-77.9828	-63.5502	
-140.0000	-73.4390	-72.6112	
-135.0000	-68.6073	-104.7144	
-130.0000	-69.2529	-149.0087	
-125.0000	-74.6610	156.2113	
-120.0000	-80.4690	-0.0654	
-115.0000	-73.4181	-59.2146	
-110.0000	-71.7487	-110.1827	
-105.0000	-77.3271	-119.4854	
-100.0000	-90.8636	-130.8357	
-95.0000	-76.8616	-49.5535	
-90.0000	-77.1292	-66.4242	
-85.0000	-83.3812	-57.3952	
-80.0000	-83.1529	4.7773	
-75.0000	-74.7887	-19.1595	
-70.0000	-83.7815	-69.5022	
-65.0000	-86.6350	-34.3275	
-60.0000	-77.3892	79.9601	
-55.0000	-72.9080	17.3787	
-50.0000	-77.4920	12.9521	
-45.0000	-75.2908	6.3095	
-40.0000	-78.9393	-22.1779	
-35.0000	-87.2593	-11.6070	
-30.0000	-83.2684	15.3684	
-25.0000	-83.4428	1.7492	
-20.0000	-92.5343	-30.7891	
-15.0000	-91.1794	152.7168	
-10.0000	-83.2165	124.4367	
-5.0000	-80.4879	104.1508	
0.0000	-78.3798	83.5202	
5.0000	-77.7059	78.4588	
10.0000	-78.1526	85.4497	
15.0000	-78.8356	114.0216	
20.0000	-80.3291	153.1355	
25.0000	-82.4607	177.6635	
30.0000	-86.0003	-157.9851	
35.0000	-90.8264	-144.0291	
40.0000	-90.5571	78.6276	
45.0000	-80.5812	138.2687	
50.0000	-84.5209	167.6914	
55.0000	-80.0079	152.1404	
60.0000	-86.7986	-170.3093	
65.0000	-77.1865	123.0036	
70.0000	-82.5622	156.9996	
75.0000	-77.7649	128.9079	
80.0000	-81.3848	98.1638	
85.0000	-75.9619	141.0677	
90.0000	-78.0366	114.3320	
95.0000	-86.1173	172.1501	
100.0000	-80.0914	93.7919	
105.0000	-80.4073	39.8844	
110.0000	-80.5333	33.0575	
115.0000	-72.6420	33.0431	
120.0000	-72.2229	40.5176	
125.0000	-73.6029	47.3786	
130.0000	-70.4679	36.9964	
135.0000	-71.8426	54.1595	
140.0000	-71.4075	32.9953	
145.0000	-70.5515	51.5398	
150.0000	-78.8701	82.2798	
155.0000	-82.3602	-50.6719	
160.0000	-78.3605	-38.4367	
165.0000	-89.2800	-38.4353	
170.0000	-80.1842	169.3041	
175.0000	-73.9481	168.8643	
180.0000	-72.9891	164.0567	
			
			
			
[Side Lobes Table]
			
No.	Rel Ampl	Azimuth  [deg]	Absolute Ampl
1L	-4.91	-160.00	-73.52
1R	-3.14	-110.00	-71.75
2R	-8.25	-95.00	-76.86
3R	-6.18	-75.00	-74.79
		 	
File Name:	E6_passive_original_patch_126GHz_250220143.rff		
			
Polarizat.	90.000	Phase	
Frequency	4.000 G	 [GHz]	
Roll  	0.000	[deg]	
Ch.	Channel1		
Beam			
Switch			
Dir	0.00	dBi	
Azimuth  [deg]	Amplitude (dB)	Phase [Deg]	
-180.0000	-93.7111	-74.2636	
-175.0000	-85.7792	-32.0038	
-170.0000	-85.8572	-41.4559	
-165.0000	-90.4194	-57.5486	
-160.0000	-100.9986	6.1616	
-155.0000	-87.4342	49.9629	
-150.0000	-91.6270	44.7427	
-145.0000	-83.8536	37.5213	
-140.0000	-91.2504	77.0202	
-135.0000	-84.5652	40.0277	
-130.0000	-83.8082	32.4872	
-125.0000	-80.9603	-169.0319	
-120.0000	-82.9321	61.0600	
-115.0000	-83.4487	66.6402	
-110.0000	-89.8557	77.7168	
-105.0000	-87.5401	162.7525	
-100.0000	-82.4074	118.3507	
-95.0000	-91.2369	122.8583	
-90.0000	-87.4042	116.7080	
-85.0000	-89.8863	178.5349	
-80.0000	-92.7764	122.4988	
-75.0000	-83.5017	133.5680	
-70.0000	-82.8426	146.1939	
-65.0000	-90.2081	-131.3788	
-60.0000	-86.9494	-179.8708	
-55.0000	-85.2721	179.4932	
-50.0000	-83.7870	-164.2455	
-45.0000	-92.0397	-152.2904	
-40.0000	-82.9475	-175.8635	
-35.0000	-91.3618	-145.4254	
-30.0000	-83.2728	-168.8405	
-25.0000	-88.3924	131.1557	
-20.0000	-97.0481	151.3704	
-15.0000	-92.2086	-150.3323	
-10.0000	-88.4046	-157.6830	
-5.0000	-88.3034	-167.3753	
0.0000	-88.1282	-174.0175	
5.0000	-92.4079	-156.0434	
10.0000	-94.9010	128.8795	
15.0000	-86.7420	94.5430	
20.0000	-81.8619	127.6702	
25.0000	-82.1906	156.4959	
30.0000	-88.3996	179.1064	
35.0000	-86.7424	124.5300	
40.0000	-84.5030	159.9957	
45.0000	-88.4355	114.0233	
50.0000	-87.1251	158.6212	
55.0000	-92.6513	112.0864	
60.0000	-88.3461	85.0430	
65.0000	-94.9795	152.2926	
70.0000	-84.7343	89.0869	
75.0000	-85.0266	49.7951	
80.0000	-99.5422	88.4855	
85.0000	-95.9143	151.7793	
90.0000	-95.9287	69.2007	
95.0000	-88.7542	129.8024	
100.0000	-84.9054	55.1182	
105.0000	-86.2330	48.5420	
110.0000	-88.5413	35.4963	
115.0000	-86.3103	119.2574	
120.0000	-92.9727	12.3896	
125.0000	-87.9802	149.1950	
130.0000	-93.5733	6.2392	
135.0000	-82.0688	-32.6648	
140.0000	-84.2679	102.1536	
145.0000	-89.5762	-39.6297	
150.0000	-82.7030	-24.6744	
155.0000	-81.0678	34.0115	
160.0000	-95.8909	37.7729	
165.0000	-88.0083	5.6894	
170.0000	-89.9523	76.0700	
175.0000	-93.3605	166.2323	
180.0000	-94.5414	-66.5208	
			
			
			
[Side Lobes Table]
			
No.	Rel Ampl	Azimuth  [deg]	Absolute Ampl
1L	-2.89	-145.00	-83.85
2L	-6.47	-155.00	-87.43
3L	-4.82	-175.00	-85.78
1R	-1.45	-100.00	-82.41
2R	-6.44	-90.00	-87.40
3R	-1.88	-70.00	-82.84
		 	
File Name:	E6_passive_original_patch_126GHz_250220143.rff		
			
Polarizat.	90.000	Phase	
Frequency	5.000 G	 [GHz]	
Roll  	0.000	[deg]	
Ch.	Channel1		
Beam			
Switch			
Dir	0.00	dBi	
Azimuth  [deg]	Amplitude (dB)	Phase [Deg]	
-180.0000	-93.4685	133.7236	
-175.0000	-86.8658	-173.4905	
-170.0000	-82.7031	166.0928	
-165.0000	-86.2199	108.1453	
-160.0000	-85.8006	-95.6585	
-155.0000	-81.3120	179.4688	
-150.0000	-87.5167	-177.0503	
-145.0000	-89.0083	-118.9529	
-140.0000	-80.2341	-176.3042	
-135.0000	-81.8391	-158.6759	
-130.0000	-84.0200	-104.7018	
-125.0000	-84.8819	-135.1823	
-120.0000	-80.0025	-169.5702	
-115.0000	-87.4944	-121.2563	
-110.0000	-79.7305	-144.7888	
-105.0000	-83.4861	-137.4283	
-100.0000	-85.4582	-107.4647	
-95.0000	-84.1022	-121.8894	
-90.0000	-83.2931	-86.7944	
-85.0000	-86.6580	-113.7738	
-80.0000	-85.4919	-87.4252	
-75.0000	-82.8526	-76.2431	
-70.0000	-81.5850	-78.7149	
-65.0000	-81.8345	-36.5675	
-60.0000	-84.1404	-22.2432	
-55.0000	-84.5461	1.0647	
-50.0000	-89.1910	6.2486	
-45.0000	-86.4117	-11.1811	
-40.0000	-81.8798	8.0394	
-35.0000	-87.6244	-18.3720	
-30.0000	-87.9916	24.2089	
-25.0000	-87.4770	33.7797	
-20.0000	-85.1086	9.4145	
-15.0000	-88.8378	-22.3941	
-10.0000	-92.1991	-20.2707	
-5.0000	-94.4855	-2.5415	
0.0000	-95.1280	-14.4758	
5.0000	-91.4446	-40.2166	
10.0000	-91.8690	-27.2382	
15.0000	-99.6248	11.8115	
20.0000	-89.3013	-144.9581	
25.0000	-87.0423	-89.1713	
30.0000	-97.2920	-26.4104	
35.0000	-91.6343	172.5367	
40.0000	-85.9287	-141.7957	
45.0000	-92.7261	136.9288	
50.0000	-87.3875	-141.7890	
55.0000	-91.3011	163.8693	
60.0000	-87.0186	168.1734	
65.0000	-86.7769	144.9620	
70.0000	-83.4968	113.9341	
75.0000	-86.4598	81.3275	
80.0000	-85.8877	102.6822	
85.0000	-85.4180	78.2864	
90.0000	-88.0044	79.8941	
95.0000	-86.5458	53.0246	
100.0000	-88.7539	77.3807	
105.0000	-85.7569	70.4918	
110.0000	-83.8990	19.8159	
115.0000	-99.2880	41.6200	
120.0000	-82.3841	-15.5473	
125.0000	-87.4505	-56.5189	
130.0000	-87.2283	0.5641	
135.0000	-79.9989	30.9376	
140.0000	-82.1858	-23.2991	
145.0000	-84.1920	4.8998	
150.0000	-88.9653	63.0102	
155.0000	-89.8066	-62.5571	
160.0000	-92.1170	-145.9501	
165.0000	-82.3657	-108.3857	
170.0000	-87.5670	-52.5369	
175.0000	-90.3615	65.4950	
180.0000	-93.1609	131.4588	
			
			
			
[Side Lobes Table]
			
No.	Rel Ampl	Azimuth  [deg]	Absolute Ampl
1L	-0.27	-120.00	-80.00
2L	-0.50	-140.00	-80.23
3L	-1.58	-155.00	-81.31
1R	-3.56	-90.00	-83.29
2R	-1.85	-70.00	-81.58
3R	-2.15	-40.00	-81.88
		 	
File Name:	E6_passive_original_patch_126GHz_250220143.rff		
			
Polarizat.	90.000	Phase	
Frequency	6.000 G	 [GHz]	
Roll  	0.000	[deg]	
Ch.	Channel1		
Beam			
Switch			
Dir	0.00	dBi	
Azimuth  [deg]	Amplitude (dB)	Phase [Deg]	
-180.0000	-90.1671	-159.4005	
-175.0000	-89.5708	-143.1347	
-170.0000	-93.8490	-57.9897	
-165.0000	-83.5970	-71.3275	
-160.0000	-86.6991	-133.4776	
-155.0000	-87.4744	-16.5033	
-150.0000	-86.2772	-60.8557	
-145.0000	-88.9082	-72.0718	
-140.0000	-83.5799	-16.0819	
-135.0000	-91.1009	-36.2741	
-130.0000	-86.3368	18.8069	
-125.0000	-84.8988	-7.2529	
-120.0000	-85.8090	43.3453	
-115.0000	-79.2849	31.3817	
-110.0000	-84.7918	-0.1538	
-105.0000	-83.6295	40.3261	
-100.0000	-92.5759	38.9473	
-95.0000	-86.3519	86.3239	
-90.0000	-81.6827	79.6817	
-85.0000	-84.5674	76.9535	
-80.0000	-92.1712	77.7381	
-75.0000	-87.5555	124.4625	
-70.0000	-86.7620	148.9443	
-65.0000	-85.8996	157.5947	
-60.0000	-87.3778	144.3330	
-55.0000	-87.6567	-178.0810	
-50.0000	-89.5443	150.7380	
-45.0000	-85.7766	175.4598	
-40.0000	-87.6837	165.4174	
-35.0000	-85.8024	-165.8674	
-30.0000	-88.4121	-160.1844	
-25.0000	-91.6607	-179.6847	
-20.0000	-93.4417	-131.4529	
-15.0000	-100.9472	-144.8965	
-10.0000	-96.2742	-82.3271	
-5.0000	-94.7339	-87.9970	
0.0000	-95.2439	-96.2287	
5.0000	-101.8362	-9.4435	
10.0000	-92.3900	53.3297	
15.0000	-92.6376	101.0442	
20.0000	-97.0880	-53.1424	
25.0000	-87.9470	25.2152	
30.0000	-87.9530	26.9286	
35.0000	-90.5871	52.8213	
40.0000	-85.8260	14.7759	
45.0000	-87.2369	9.6356	
50.0000	-85.0889	-12.6168	
55.0000	-87.7533	-19.7791	
60.0000	-87.0569	-29.5959	
65.0000	-87.9903	-7.6044	
70.0000	-88.6001	-22.9809	
75.0000	-86.8819	-35.0094	
80.0000	-89.6614	-70.7060	
85.0000	-84.3411	-91.4366	
90.0000	-83.5205	-77.3411	
95.0000	-83.5580	-72.9550	
100.0000	-89.3490	-94.1743	
105.0000	-84.7191	-145.4869	
110.0000	-83.4839	-133.9575	
115.0000	-83.6698	-124.3121	
120.0000	-82.6183	-107.4192	
125.0000	-87.1743	-123.9258	
130.0000	-91.3043	-131.2077	
135.0000	-94.7158	136.0922	
140.0000	-89.9146	145.3282	
145.0000	-87.3938	137.9384	
150.0000	-82.0461	150.6637	
155.0000	-91.0262	166.0813	
160.0000	-86.2274	-165.1335	
165.0000	-90.0341	108.4729	
170.0000	-83.5560	121.8133	
175.0000	-86.9488	143.4112	
180.0000	-88.9670	-160.8730	
			
			
			
[Side Lobes Table]
			
No.	Rel Ampl	Azimuth  [deg]	Absolute Ampl
1L	-5.61	-125.00	-84.90
2L	-4.30	-140.00	-83.58
3L	-6.99	-150.00	-86.28
1R	-4.34	-105.00	-83.63
2R	-2.40	-90.00	-81.68
3R	-6.61	-65.00	-85.90
		 	



[Statistics Table]
		Polarizat.	Freq.	Roll  	Ch.	Beam	Switch	Beam Peak [dB]		 	Beam Width [deg]		 	Null Depth [dB]		 				
File Name		[deg]	 [GHz]	[deg]				Value	[deg]		Value	At dB		Value	[deg]				 	 
E6_passive_original_patch_126GHz_250220143.rff		90.000	3.000 G	0.000	Channel1			-68.61	-135.00	P	12.05	3.00	P				0.00			
E6_passive_original_patch_126GHz_250220143.rff		90.000	4.000 G	0.000	Channel1			-80.96	-125.00	P	16.40	3.00	P				0.00			
E6_passive_original_patch_126GHz_250220143.rff		90.000	5.000 G	0.000	Channel1			-79.73	-110.00	P	8.72	3.00	P				0.00			
E6_passive_original_patch_126GHz_250220143.rff		90.000	6.000 G	0.000	Channel1			-79.28	-115.00	P	7.52	3.00	P				0.00			



[Database Table]
First Question	
2nd	
3rd	
4th	
